0
0
625
-26.0 0.04935596146299429
-24.0 -0.07165950716639105
-22.0 0.0926158508193506
-20.0 -0.09037347984481395
-18.0 0.10565968757014806
-16.0 -0.0804843927112592
-14.0 -0.010380636838544892
-12.0 0.2570986791450971
-10.0 -0.6476495291382761
-8.0 1.1834343069036672
-6.0 -1.8111379071480536
-4.0 2.5878520597390327
-2.0 -3.675040118571057
0.0 -21.17690302429976
2.0 -16.469693183509506
4.0 -17.59397881055952
6.0 -20.558516006774234
8.0 -18.985068539802796
10.0 -20.24817936910354
12.0 -20.016542435511717
14.0 -21.05972482344247
16.0 -19.785866133264815
18.0 -18.96638155852908
20.0 -10.351833557641442
22.0 -4.455348969057431
24.0 -3.924691676036319
26.0 5.796740312931223
28.0 9.796751457114052
30.0 7.3028930755691785
32.0 9.598066519050706
34.0 5.541109301026498
36.0 -0.4124514195029563
38.0 4.775911629094403
40.0 11.391207385704101
42.0 13.633019079895101
44.0 21.99014648501248
46.0 20.567242494718812
48.0 9.314502218143202
50.0 19.481924172943668
52.0 24.634041526166648
54.0 21.587944708738494
56.0 34.53656939401393
58.0 34.649087453614584
60.0 26.82736954046253
62.0 29.0406572208525
64.0 24.51503276191189
66.0 18.749546731766404
68.0 8.206265702313363
70.0 -1.3295331108316573
72.0 -5.237903736967184
74.0 -15.740462595770817
76.0 -19.629364355393427
78.0 -19.417141682284175
80.0 -20.857658160113054
82.0 -19.78714374317475
84.0 -19.89812460571913
86.0 -19.649465500246947
88.0 -21.286012409765988
90.0 -25.047606774729495
92.0 -26.33328611379016
94.0 -27.265343166292705
96.0 -27.062455358098056
98.0 -26.363183992013415
100.0 -27.85591170642818
102.0 -28.585293447218355
104.0 -31.828179833372094
106.0 -30.75813017418284
108.0 -29.272039209115377
110.0 -29.588994153103478
112.0 -40.03487193777223
114.0 -56.36599779479256
116.0 -57.63182156798945
118.0 -46.79146913164614
120.0 -23.65370943605075
122.0 32.31859004207005
124.0 106.68580183478588
126.0 176.97446476976666
128.0 307.99483192559285
130.0 399.43623653251495
132.0 388.4261760698986
134.0 450.7767127632917
136.0 404.5266277012853
138.0 259.862194578559
140.0 280.16412888988066
142.0 217.07920353193003
144.0 103.68072468472229
146.0 66.08804673807286
148.0 10.115199817239962
150.0 -14.437154880595127
152.0 -18.278713271287057
154.0 -13.194634484846208
156.0 -2.500603036824704
158.0 -3.5584941258274507
160.0 -2.8791931046567023
162.0 -1.0816055496263692
164.0 -10.081832553942073
166.0 -10.985625079236598
168.0 -8.152245655323998
170.0 -6.863034170455296
172.0 -6.125950070583352
174.0 -8.491959644889837
176.0 -9.940888499345226
178.0 -10.28716665026941
180.0 -7.81981926605186
182.0 -8.080040098812312
184.0 -6.470640315257033
186.0 -3.829464310368314
188.0 -2.3533983380072767
190.0 -1.1605206667146926
192.0 0.8812097537251348
194.0 3.127196002556965
196.0 6.797708219858487
198.0 11.904526481671844
200.0 9.354047790471054
202.0 8.792029193473807
204.0 11.936340046439543
206.0 13.718874259959598
208.0 17.266005298860403
210.0 21.356474867235477
212.0 20.395779945658155
214.0 21.750832988447435
216.0 26.896970035107543
218.0 27.464760478576803
220.0 30.246830456778927
222.0 32.84462257471827
224.0 34.25160089865502
226.0 36.52110557527304
228.0 38.37358740960085
230.0 45.475948706261015
232.0 50.01623583771404
234.0 51.85754902881415
236.0 56.54230604549442
238.0 60.06009805964246
240.0 63.4260584670884
242.0 68.63048301402256
244.0 72.34520421339724
246.0 74.34100241870856
248.0 81.74742985026685
250.0 87.33676106903432
252.0 91.76586947931024
254.0 101.20401329988412
256.0 109.18407392843437
258.0 117.32871562225105
260.0 125.8657923113873
262.0 132.68739110106577
264.0 139.76307906334534
266.0 145.41987376720678
268.0 153.17851836170158
270.0 162.8650964232014
272.0 172.44576619983897
274.0 180.5920926965276
276.0 186.52694839012497
278.0 193.64194099810572
280.0 199.93573831377003
282.0 205.57661343722822
284.0 211.6541326831365
286.0 215.5417725220929
288.0 218.97433335520958
290.0 221.14734688578923
292.0 223.56380858766934
294.0 226.50739534346582
296.0 222.5845643304008
298.0 218.44077701401076
300.0 213.26670949992686
302.0 202.50921706743503
304.0 190.36971677284996
306.0 176.81450454298707
308.0 160.60217966302324
310.0 146.56979801646904
312.0 134.32840918150464
314.0 118.08207828284954
316.0 102.62384644822815
318.0 88.82955561250833
320.0 72.28567836575833
322.0 60.52349230631634
324.0 52.6679955857549
326.0 39.93531939175805
328.0 30.510967662780665
330.0 24.19838933456053
332.0 15.11352118421751
334.0 10.193653475349013
336.0 8.23117530824769
338.0 1.8080342764125104
340.0 -1.1563031530574626
342.0 -2.124279695046058
344.0 -5.762855988423206
346.0 -7.683113507502326
348.0 -9.731375957863234
350.0 -10.822057963441132
352.0 -11.911823295526137
354.0 -12.51321211947832
356.0 -13.26748996463406
358.0 -12.578638357820079
360.0 -10.598288831348356
362.0 -11.924419225485252
364.0 -12.81299714139623
366.0 -12.77214631338272
368.0 -13.427848113658541
370.0 -13.312405311377452
372.0 -11.610729573356284
374.0 -14.645315728611484
376.0 -15.182429522111907
378.0 -11.456899924292543
380.0 -14.33962831195342
382.0 -12.781673348441617
384.0 -9.071420931600858
386.0 -9.70085578482764
388.0 -9.983705184044283
390.0 -12.780511080576519
392.0 -12.972605408443464
394.0 -13.268249540588153
396.0 -16.377361344915208
398.0 -11.191629400222602
400.0 -11.009622433042708
402.0 -14.412857287605531
404.0 -10.60665267146063
406.0 -9.358221899829685
408.0 -8.027860189609907
410.0 -10.149287988092292
412.0 -11.692322310346496
414.0 -10.862346737739902
416.0 -12.119500712103717
418.0 -11.878075314515717
420.0 -11.201692092091756
422.0 -10.894573910863588
424.0 -9.682478163473645
426.0 -8.596871555373095
428.0 -9.133417231309192
430.0 -10.234834610177831
432.0 -10.966776344685375
434.0 -11.133364214920435
436.0 -10.904843761031422
438.0 -10.297046894836871
440.0 -12.744857047759186
442.0 -13.596726594175026
444.0 -11.910613768345522
446.0 -12.536012441592726
448.0 -13.23022051292173
450.0 -12.76825006509758
452.0 -17.58320997887563
454.0 -17.873828955439095
456.0 -13.138828107962677
458.0 -15.778198957202255
460.0 -15.725649906698854
462.0 -15.434200728367548
464.0 -16.398283175796966
466.0 -16.06657941263598
468.0 -16.944561155311202
470.0 -13.88944661678842
472.0 -12.89112463977258
474.0 -15.646252200716567
476.0 -13.19005885623923
478.0 -13.202209426754617
480.0 -16.377307711157336
482.0 -11.198180462522023
484.0 -11.106408429666692
486.0 -16.31175549961699
488.0 -14.424152334947786
490.0 -15.949653062784748
492.0 -18.323697531729245
494.0 -15.976915059180671
496.0 -15.337468362255038
498.0 -15.437964468472334
500.0 -15.64756256274446
502.0 -16.20876395028841
504.0 -15.440214520357808
506.0 -15.698557659140288
508.0 -15.878532490930082
510.0 -15.352831242507817
512.0 -19.137178621588156
514.0 -19.724411932415407
516.0 -18.566102534978835
518.0 -17.775871668265733
520.0 -16.867851987034708
522.0 -19.55585086492332
524.0 -15.114122844526397
526.0 -15.090381378055977
528.0 -18.546825436142637
530.0 -17.074754337939765
532.0 -18.25147880033794
534.0 -17.13642454644015
536.0 -21.24305372336059
538.0 -21.70699501921159
540.0 -16.95124004931315
542.0 -20.497828284078256
544.0 -20.136609494320723
546.0 -18.23855597560128
548.0 -18.53308899058742
550.0 -17.500531707756927
552.0 -18.45803632390605
554.0 -17.427207928326872
556.0 -17.78451610610389
558.0 -21.097062804802405
560.0 -17.878127574838484
562.0 -18.088102508857638
564.0 -20.932275639642224
566.0 -17.857570161710736
568.0 -17.532091039570677
570.0 -17.509696510701165
572.0 -19.31636313940507
574.0 -20.488817338604814
576.0 -19.99447291165139
578.0 -20.995990988090494
580.0 -20.0226956865122
582.0 -21.336299962253484
584.0 -17.44956256311989
586.0 -18.193286128469794
588.0 -23.26979050302629
590.0 -19.537658675539088
592.0 -18.288838151749808
594.0 -17.62028935620162
596.0 -19.235782249421455
598.0 -21.222458899786904
600.0 -20.09129873554444
602.0 -20.955337638129993
604.0 -19.770626277629468
606.0 -17.24449502072793
608.0 -20.53738714484602
610.0 -22.143955497477922
612.0 -21.597588151756785
614.0 -25.09703390023352
616.0 -25.151011093337843
618.0 -24.518259756065916
620.0 -22.695944423020382
622.0 -22.15042337077676
624.0 -23.95347382297212
626.0 -21.883842041624924
628.0 -21.416714664101782
630.0 -20.90762161083552
632.0 -21.6001470596074
634.0 -22.40275436625145
636.0 -20.500864068531527
638.0 -22.84861969876035
640.0 -21.505632957404416
642.0 -17.482334620676617
644.0 -15.578497980993493
646.0 -10.58723363741219
648.0 -7.079283872917095
650.0 2.9799729802126897
652.0 7.607301345731077
654.0 3.4627230605742776
656.0 7.326468123847826
658.0 2.8713808032638766
660.0 -1.7593080407359334
662.0 -1.1380933333660561
664.0 5.924126055329554
666.0 15.772712197490083
668.0 20.284720833687224
670.0 18.492831098408114
672.0 9.013181623623076
674.0 15.371599396315286
676.0 21.046079912449215
678.0 21.739955751382357
680.0 33.049071805573995
682.0 32.35023076603817
684.0 27.0218646153998
686.0 23.543916482065605
688.0 20.716748231367
690.0 21.523045463519335
692.0 9.54092226275705
694.0 -0.4521926820395511
696.0 -7.588262359436955
698.0 -16.29729364015042
700.0 -19.705590442730745
702.0 -23.33495707425032
704.0 -22.562279380542563
706.0 -24.285259189767714
708.0 -28.739285235280416
710.0 -28.074520675413773
712.0 -28.281683664782296
714.0 -29.385693794116932
716.0 -29.046363437124416
718.0 -30.292762338260758
720.0 -31.45053835718358
722.0 -31.172224304479393
724.0 -32.151360444124585
726.0 -31.01824525957847
728.0 -33.81259585082336
730.0 -32.37806524797911
732.0 -30.60803781408542
734.0 -33.273463563104926
736.0 -44.8631905966009
738.0 -63.17488791224974
740.0 -63.703937276824675
742.0 -54.140773745405404
744.0 -34.674038344570974
746.0 27.25179892271845
748.0 109.5867953398063
750.0 183.88372095742272
752.0 327.7273107538772
754.0 418.7547009620155
756.0 400.3610918286811
758.0 462.8220027083318
760.0 414.0995826161725
762.0 271.0766444995419
764.0 274.98017454145736
766.0 207.73009065693427
768.0 102.42375732407473
770.0 69.9473831207222
772.0 16.903536373084023
774.0 -11.928668656870029
776.0 -19.285390759704296
778.0 -13.839475563513755
780.0 -0.16637167259223737
782.0 -2.4864014898267657
784.0 -2.9845781362925417
786.0 -7.842440808908585
788.0 -5.00315826593957
790.0 -5.283219059074328
792.0 -12.723279632692948
794.0 -8.464780228779821
796.0 -8.378466733556612
798.0 -5.987183824854631
800.0 -9.829317649517959
802.0 -8.887132481907603
804.0 -3.015739004823299
806.0 -3.0954445065533758
808.0 -0.9958962568879266
810.0 -3.2406290613090643
812.0 4.202065488014146
814.0 5.147219425816735
816.0 -0.9626982495189362
818.0 2.670713925183333
820.0 3.131383457035436
822.0 5.52283657184548
824.0 6.596844770223005
826.0 7.11030118696248
828.0 10.890871876908603
830.0 8.400645862556935
832.0 11.29481476322218
834.0 16.969023122397857
836.0 17.76990182644764
838.0 18.46345558276198
840.0 17.038899091570038
842.0 21.07708086537844
844.0 24.25543794917546
846.0 25.369412598753588
848.0 29.83983991721365
850.0 32.05458084642466
852.0 33.67096045519991
854.0 37.98491792517897
856.0 41.14072028135784
858.0 42.91536523240728
860.0 47.42058607674692
862.0 50.41651496426919
864.0 53.43476476683754
866.0 59.476008951119944
868.0 64.84910012213105
870.0 69.70017944313591
872.0 74.44576823813625
874.0 79.5348513684943
876.0 84.47791375084064
878.0 93.82261792190047
880.0 100.06258284366187
882.0 102.45766240079169
884.0 111.44444700492534
886.0 119.37388902970184
888.0 126.51538190710305
890.0 139.06908988599116
892.0 146.62297608102946
894.0 152.61105099766797
896.0 160.1414238127402
898.0 167.3691006349534
900.0 179.577796823876
902.0 180.30519040484054
904.0 185.88559325758013
906.0 198.88515480962855
908.0 197.46828856506022
910.0 203.5314349838845
912.0 212.40548827891354
914.0 213.70025373880407
916.0 214.3119175732046
918.0 213.1672688618961
920.0 208.97595392438342
922.0 205.75127523791647
924.0 204.88945983760553
926.0 193.0028540726605
928.0 184.47012658246598
930.0 177.76218952655677
932.0 162.82885884670006
934.0 148.1816741996431
936.0 132.70575022269404
938.0 116.08392894251969
940.0 100.76618749037759
942.0 89.43841959692934
944.0 68.36007088307862
946.0 54.537168562958655
948.0 48.87072030981081
950.0 32.03003925764655
952.0 23.52691169898147
954.0 19.42274416110657
956.0 13.391294572355529
958.0 9.248283661368925
960.0 4.020922847606367
962.0 -2.9581142234782813
964.0 -6.503633574503922
966.0 -6.269007671928337
968.0 -6.398891274448259
970.0 -5.239196727170242
972.0 -7.2689801186822045
974.0 -7.031011227627381
976.0 -8.86244001364931
978.0 -12.804690522129581
980.0 -8.85364778656772
982.0 -9.845274883507567
984.0 -10.856631856064904
986.0 -15.906757824176607
988.0 -14.274914437905208
990.0 -6.027798490508217
992.0 -7.805317916875545
994.0 -9.593465965168638
996.0 -13.862566025306284
998.0 -12.522194098383778
1000.0 -10.551831580537224
1002.0 -11.90325065678887
1004.0 -10.071259476480703
1006.0 -11.794915622875903
1008.0 -13.927831555489488
1010.0 -10.771548973859849
1012.0 -9.59200292148503
1014.0 -10.127517902460148
1016.0 -13.732122641453266
1018.0 -15.698006793432848
1020.0 -15.791183874922439
1022.0 -14.327745354065529
1024.0 -13.885453249703573
1026.0 -18.359392112082826
1028.0 -15.189558465657607
1030.0 -15.996889328675303
1032.0 -17.424586655533098
1034.0 -16.04563318315482
1036.0 -17.042822083197354
1038.0 -11.11250007206593
1040.0 -22.32762262534383
1042.0 -22.186298228955845
1044.0 -6.117809223996977
1046.0 -17.422315494129812
1048.0 -16.127871528505718
1050.0 -9.106510597685448
1052.0 -16.721277771552604
1054.0 -18.72811626081709
1056.0 -21.762850769482306
1058.0 -20.44484516969597
1060.0 -18.57505179334364
1062.0 -21.602377318679757
1064.0 -16.81057016907075
1066.0 -17.81858580453147
1068.0 -21.550830365882092
1070.0 -16.764793016402
1072.0 -16.43765122883922
1074.0 -15.931910278060494
1076.0 -23.680782459883744
1078.0 -25.923669221604662
1080.0 -18.00948918826871
1082.0 -20.457512258954075
1084.0 -18.9757846816967
1086.0 -16.171174230330028
1088.0 -23.47156958767909
1090.0 -24.494076952156522
1092.0 -22.298874030583566
1094.0 -22.19676295006321
1096.0 -22.001536815125785
1098.0 -25.39904174444702
1100.0 -21.640557310424946
1102.0 -20.26779383125687
1104.0 -24.161329616535376
1106.0 -20.97726837756103
1108.0 -22.863631323508695
1110.0 -28.636847584889107
1112.0 -23.79326486134623
1114.0 -24.525355160352238
1116.0 -28.655746728255245
1118.0 -28.638931622613384
1120.0 -27.836928725385764
1122.0 -26.546729119303972
1124.0 -23.02054032730255
1126.0 -23.399380885845382
1128.0 -29.640809095033326
1130.0 -25.53790383113084
1132.0 -25.655258054430266
1134.0 -29.096810130732006
1136.0 -26.223795245719213
1138.0 -26.24120160487041
1140.0 -25.093435755999902
1142.0 -25.570943361553958
1144.0 -25.90327785519512
1146.0 -25.346600748551136
1148.0 -29.391554652766654
1150.0 -29.86382077333319
1152.0 -28.695488231176675
1154.0 -24.87367990686192
1156.0 -24.52210889896914
1158.0 -25.795892497947627
1160.0 -27.172821684265852
1162.0 -24.857433778172574
1164.0 -21.13030225058268
1166.0 -24.783507515197098
1168.0 -29.04573819428788
1170.0 -35.24357781995598
1172.0 -28.28806440399467
1174.0 -26.404191561158292
1176.0 -29.473572078235993
1178.0 -31.053792303689775
1180.0 -31.298994214698347
1182.0 -26.110547782905886
1184.0 -26.715618441268884
1186.0 -26.176269480039565
1188.0 -27.92563545856191
1190.0 -27.387078658415973
1192.0 -31.116496810871627
1194.0 -30.29315839469641
1196.0 -31.228016096306565
1198.0 -19.862832686534908
1200.0 3.477824932100808
1202.0 -0.4470179249199142
1204.0 -0.5550099858632951
1206.0 0.8643191921784594
1208.0 -0.8508322990901293
1210.0 0.7278979804627602
1212.0 -0.5238620104498224
1214.0 0.31894227609976517
1216.0 -0.1113813319837732
1218.0 -0.01006682575153664
1220.0 0.06144052587250431
1222.0 -0.017122136431046417
