0
0
1250
-26.0 0.04935596146299429
-25.0 -0.011703738826284893
-24.0 -0.07165950716639105
-23.0 0.03017317881599681
-22.0 0.0926158508193506
-21.0 0.010286252328310083
-20.0 -0.09037347984481395
-19.0 -0.100920426197324
-18.0 0.10565968757014806
-17.0 0.2514233684716718
-16.0 -0.0804843927112592
-15.0 -0.3884619378778041
-14.0 -0.010380636838544892
-13.0 0.503339464160152
-12.0 0.2570986791450971
-11.0 -0.53149540550771
-10.0 -0.6476495291382761
-9.0 0.4549837467328866
-8.0 1.1834343069036672
-7.0 -0.12270432323994716
-6.0 -1.8111379071480536
-5.0 -0.7317976843421208
-4.0 2.5878520597390327
-3.0 2.9537690086425923
-2.0 -3.675040118571057
-1.0 -14.27807794147644
0.0 -21.17690302429976
1.0 -20.61075467121632
2.0 -16.469693183509506
3.0 -15.023894580907877
4.0 -17.59397881055952
5.0 -20.39076110489091
6.0 -20.558516006774234
7.0 -19.298309911279006
8.0 -18.985068539802796
9.0 -19.79651146576344
10.0 -20.24817936910354
11.0 -19.970928325664456
12.0 -20.016542435511717
13.0 -20.74703151455468
14.0 -21.05972482344247
15.0 -20.410205647586384
16.0 -19.785866133264815
17.0 -19.725606411454446
18.0 -18.96638155852908
19.0 -15.741348357053175
20.0 -10.351833557641442
21.0 -5.831047471929771
22.0 -4.455348969057431
23.0 -4.9167261228380275
24.0 -3.924691676036319
25.0 0.1636496362709515
26.0 5.796740312931223
27.0 9.532311381790894
28.0 9.796751457114052
29.0 8.182204757038976
30.0 7.3028930755691785
31.0 8.225911271896459
32.0 9.598066519050706
33.0 8.89313088449018
34.0 5.541109301026498
35.0 1.5826164087893686
36.0 -0.4124514195029563
37.0 0.9018990726110896
38.0 4.775911629094403
39.0 8.86945794175104
40.0 11.391207385704101
41.0 12.368228058470057
42.0 13.633019079895101
43.0 17.192244782140964
44.0 21.99014648501248
45.0 24.04107691401361
46.0 20.567242494718812
47.0 13.583642474603609
48.0 9.314502218143202
49.0 12.127890894832177
50.0 19.481924172943668
51.0 24.86352625874299
52.0 24.634041526166648
53.0 21.51066223351932
54.0 21.587944708738494
55.0 27.263124963411894
56.0 34.53656939401393
57.0 37.584611907720735
58.0 34.649087453614584
59.0 29.40616731657682
60.0 26.82736954046253
61.0 27.820841708730665
62.0 29.0406572208525
63.0 27.702316090604025
64.0 24.51503276191189
65.0 21.452226951339128
66.0 18.749546731766404
67.0 14.580759432823056
68.0 8.206265702313363
69.0 2.077581474821876
70.0 -1.3295331108316573
71.0 -2.819560529925284
72.0 -5.237903736967184
73.0 -10.115305807484239
74.0 -15.740462595770817
75.0 -19.144552292406008
76.0 -19.629364355393427
77.0 -19.17141509346543
78.0 -19.417141682284175
79.0 -20.322253922842943
80.0 -20.857658160113054
81.0 -20.420688308852895
82.0 -19.78714374317475
83.0 -19.7515533914333
84.0 -19.89812460571913
85.0 -19.789220505660182
86.0 -19.649465500246947
87.0 -20.018997327107687
88.0 -21.286012409765988
89.0 -23.328558130284094
90.0 -25.047606774729495
91.0 -25.881439899848502
92.0 -26.33328611379016
93.0 -26.73974910399095
94.0 -27.265343166292705
95.0 -27.516537440011017
96.0 -27.062455358098056
97.0 -26.608179275481756
98.0 -26.363183992013415
99.0 -26.709285649639572
100.0 -27.85591170642818
101.0 -28.082122654204273
102.0 -28.585293447218355
103.0 -31.098587979345698
104.0 -31.828179833372094
105.0 -30.885523058324726
106.0 -30.75813017418284
107.0 -29.765965653422626
108.0 -29.272039209115377
109.0 -30.132076619389714
110.0 -29.588994153103478
111.0 -31.87367454586487
112.0 -40.03487193777223
113.0 -49.406907524330535
114.0 -56.36599779479256
115.0 -59.54251127135271
116.0 -57.63182156798945
117.0 -52.970307803102216
118.0 -46.79146913164614
119.0 -37.70706707731528
120.0 -23.65370943605075
121.0 -0.828582123121123
122.0 32.31859004207005
123.0 70.75600593055648
124.0 106.68580183478588
125.0 138.56113944661064
126.0 176.97446476976666
127.0 234.78946547215045
128.0 307.99483192559285
129.0 371.4299277024916
130.0 399.43623653251495
131.0 394.08353121570275
132.0 388.4261760698986
133.0 411.70954438180564
134.0 450.7767127632917
135.0 458.0580645673929
136.0 404.5266277012853
137.0 318.22867751856745
138.0 259.862194578559
139.0 258.2555777300024
140.0 280.16412888988066
141.0 271.4167890685137
142.0 217.07920353193003
143.0 149.17705309835497
144.0 103.68072468472229
145.0 83.37484650712425
146.0 66.08804673807286
147.0 38.92010427112418
148.0 10.115199817239962
149.0 -8.039418898708046
150.0 -14.437154880595127
151.0 -16.671802765468467
152.0 -18.278713271287057
153.0 -17.098769849873374
154.0 -13.194634484846208
155.0 -7.607116294119292
156.0 -2.500603036824704
157.0 -2.1037357170234365
158.0 -3.5584941258274507
159.0 -3.219476549064119
160.0 -2.8791931046567023
161.0 -1.696260131545764
162.0 -1.0816055496263692
163.0 -5.36084216082835
164.0 -10.081832553942073
165.0 -11.298989296457636
166.0 -10.985625079236598
167.0 -9.731710986599321
168.0 -8.152245655323998
169.0 -7.800511482524466
170.0 -6.863034170455296
171.0 -5.646975954995816
172.0 -6.125950070583352
173.0 -7.442601276009146
174.0 -8.491959644889837
175.0 -9.265604198733676
176.0 -9.940888499345226
177.0 -10.536581596410016
178.0 -10.28716665026941
179.0 -9.00642141318837
180.0 -7.81981926605186
181.0 -7.682430101039155
182.0 -8.080040098812312
183.0 -7.776074031433368
184.0 -6.470640315257033
185.0 -4.891586149231162
186.0 -3.829464310368314
187.0 -3.1595506829397744
188.0 -2.3533983380072767
189.0 -1.6180649890503944
190.0 -1.1605206667146926
191.0 -0.38249128368012175
192.0 0.8812097537251348
193.0 2.1219946585706144
194.0 3.127196002556965
195.0 4.41375574145817
196.0 6.797708219858487
197.0 9.979555784358649
198.0 11.904526481671844
199.0 11.253255711702595
200.0 9.354047790471054
201.0 8.248227466194642
202.0 8.792029193473807
203.0 10.46641049618922
204.0 11.936340046439543
205.0 12.744530639727074
206.0 13.718874259959598
207.0 15.242617663112755
208.0 17.266005298860403
209.0 19.697486118260635
210.0 21.356474867235477
211.0 21.264718117201323
212.0 20.395779945658155
213.0 20.256921160469354
214.0 21.750832988447435
215.0 24.650525708141515
216.0 26.896970035107543
217.0 27.308264251846417
218.0 27.464760478576803
219.0 28.562460541130054
220.0 30.246830456778927
221.0 31.96468469425315
222.0 32.84462257471827
223.0 33.082119140215305
224.0 34.25160089865502
225.0 35.88408160679465
226.0 36.52110557527304
227.0 36.98399780600834
228.0 38.37358740960085
229.0 41.170303491372714
230.0 45.475948706261015
231.0 48.99077490603288
232.0 50.01623583771404
233.0 50.527488473376216
234.0 51.85754902881415
235.0 53.75174694409924
236.0 56.54230604549442
237.0 58.984867429161426
238.0 60.06009805964246
239.0 61.45621332330093
240.0 63.4260584670884
241.0 65.45660361301493
242.0 68.63048301402256
243.0 71.57248675674842
244.0 72.34520421339724
245.0 72.82301976118855
246.0 74.34100241870856
247.0 77.04907307041685
248.0 81.74742985026685
249.0 85.92457705885336
250.0 87.33676106903432
251.0 88.78028211508894
252.0 91.76586947931024
253.0 95.70076450077102
254.0 101.20401329988412
255.0 106.25749859751092
256.0 109.18407392843437
257.0 112.74949356464417
258.0 117.32871562225105
259.0 121.30901729185292
260.0 125.8657923113873
261.0 130.08030538622478
262.0 132.68739110106577
263.0 136.07697060732897
264.0 139.76307906334534
265.0 142.08741983220554
266.0 145.41987376720678
267.0 149.67037525841207
268.0 153.17851836170158
269.0 157.75635622594316
270.0 162.8650964232014
271.0 167.07648138501864
272.0 172.44576619983897
273.0 177.76033496058216
274.0 180.5920926965276
275.0 183.27744620252443
276.0 186.52694839012497
277.0 189.42890473208652
278.0 193.64194099810572
279.0 197.85476883163525
280.0 199.93573831377003
281.0 202.29470841754687
282.0 205.57661343722822
283.0 208.33686131873233
284.0 211.6541326831365
285.0 214.6090255429438
286.0 215.5417725220929
287.0 216.83562629286814
288.0 218.97433335520958
289.0 220.0456531180668
290.0 221.14734688578923
291.0 222.63145379057562
292.0 223.56380858766934
293.0 225.19655954847758
294.0 226.50739534346582
295.0 225.0278575649654
296.0 222.5845643304008
297.0 220.76061095553248
298.0 218.44077701401076
299.0 216.1154548791732
300.0 213.26670949992686
301.0 208.1789862810956
302.0 202.50921706743503
303.0 197.08770854711204
304.0 190.36971677284996
305.0 183.46210269487594
306.0 176.81450454298707
307.0 168.7347264460798
308.0 160.60217966302324
309.0 153.62857389409754
310.0 146.56979801646904
311.0 140.22466819096562
312.0 134.32840918150464
313.0 126.5158186195093
314.0 118.08207828284954
315.0 110.49329919808153
316.0 102.62384644822815
317.0 95.42183104089204
318.0 88.82955561250833
319.0 80.58739312335844
320.0 72.28567836575833
321.0 65.9231371182594
322.0 60.52349230631634
323.0 56.42627686828986
324.0 52.6679955857549
325.0 46.59319266115817
326.0 39.93531939175805
327.0 34.88423706498149
328.0 30.510967662780665
329.0 27.12806173083312
330.0 24.19838933456053
331.0 19.696049595723224
332.0 15.11352118421751
333.0 12.198611168858282
334.0 10.193653475349013
335.0 9.198764492028667
336.0 8.23117530824769
337.0 5.287937018422194
338.0 1.8080342764125104
339.0 -0.1970850164278216
340.0 -1.1563031530574626
341.0 -1.5017939463664152
342.0 -2.124279695046058
343.0 -3.970448740270122
344.0 -5.762855988423206
345.0 -6.675196208443594
346.0 -7.683113507502326
347.0 -8.852153009973266
348.0 -9.731375957863234
349.0 -10.409479101864703
350.0 -10.822057963441132
351.0 -11.198507463582457
352.0 -11.911823295526137
353.0 -12.429419031114692
354.0 -12.51321211947832
355.0 -12.768023288637751
356.0 -13.26748996463406
357.0 -13.338965642944482
358.0 -12.578638357820079
359.0 -11.340110420316947
360.0 -10.598288831348356
361.0 -10.949329475584017
362.0 -11.924419225485252
363.0 -12.64553685331436
364.0 -12.81299714139623
365.0 -12.75505322439535
366.0 -12.77214631338272
367.0 -12.97203161324487
368.0 -13.427848113658541
369.0 -13.751475109782962
370.0 -13.312405311377452
371.0 -12.256981260565352
372.0 -11.610729573356284
373.0 -12.466281456851302
374.0 -14.645315728611484
375.0 -16.136766876367652
376.0 -15.182429522111907
377.0 -12.775626412239633
378.0 -11.456899924292543
379.0 -12.41485377632046
380.0 -14.33962831195342
381.0 -14.74122397585577
382.0 -12.781673348441617
383.0 -10.255581634409918
384.0 -9.071420931600858
385.0 -9.22830369752795
386.0 -9.70085578482764
387.0 -9.806882841340883
388.0 -9.983705184044283
389.0 -11.120250049925069
390.0 -12.780511080576519
391.0 -13.502581831982432
392.0 -12.972605408443464
393.0 -12.426532834609365
394.0 -13.268249540588153
395.0 -15.350181150253214
396.0 -16.377361344915208
397.0 -14.50877889825871
398.0 -11.191629400222602
399.0 -9.595310444672107
400.0 -11.009622433042708
401.0 -13.59896174805043
402.0 -14.412857287605531
403.0 -12.713790463778265
404.0 -10.60665267146063
405.0 -9.698250246482484
406.0 -9.358221899829685
407.0 -8.680132159063982
408.0 -8.027860189609907
409.0 -8.455722160601093
410.0 -10.149287988092292
411.0 -11.63738857654187
412.0 -11.692322310346496
413.0 -11.016032279495503
414.0 -10.862346737739902
415.0 -11.417399957535244
416.0 -12.119500712103717
417.0 -12.307731051372466
418.0 -11.878075314515717
419.0 -11.418908514069564
420.0 -11.201692092091756
421.0 -11.039995011910952
422.0 -10.894573910863588
423.0 -10.517098559955524
424.0 -9.682478163473645
425.0 -8.904287664430177
426.0 -8.596871555373095
427.0 -8.681019281113796
428.0 -9.133417231309192
429.0 -9.736616202994005
430.0 -10.234834610177831
431.0 -10.69173876169032
432.0 -10.966776344685375
433.0 -10.991003276019201
434.0 -11.133364214920435
435.0 -11.26359550831845
436.0 -10.904843761031422
437.0 -10.336652455867476
438.0 -10.297046894836871
439.0 -11.188264831439476
440.0 -12.744857047759186
441.0 -13.822054803640514
442.0 -13.596726594175026
443.0 -12.653720730625263
444.0 -11.910613768345522
445.0 -11.83949347441301
446.0 -12.536012441592726
447.0 -13.29859516073546
448.0 -13.23022051292173
449.0 -12.637777278288452
450.0 -12.76825006509758
451.0 -14.605870086014844
452.0 -17.58320997887563
453.0 -19.25627976178485
454.0 -17.873828955439095
455.0 -14.866050264938158
456.0 -13.138828107962677
457.0 -13.90101270312647
458.0 -15.778198957202255
459.0 -16.53946623536478
460.0 -15.725649906698854
461.0 -15.018317924834067
462.0 -15.434200728367548
463.0 -16.18562296462442
464.0 -16.398283175796966
465.0 -16.120437973385236
466.0 -16.06657941263598
467.0 -16.65639859915168
468.0 -16.944561155311202
469.0 -15.82910033435477
470.0 -13.88944661678842
471.0 -12.602220852493092
472.0 -12.89112463977258
473.0 -14.470856965722618
474.0 -15.646252200716567
475.0 -14.975778464760195
476.0 -13.19005885623923
477.0 -12.219717247072456
478.0 -13.202209426754617
479.0 -15.412936321404443
480.0 -16.377307711157336
481.0 -14.439394587941262
482.0 -11.198180462522023
483.0 -9.642809345481394
484.0 -11.106408429666692
485.0 -14.283026481652556
486.0 -16.31175549961699
487.0 -15.786902492832965
488.0 -14.424152334947786
489.0 -14.400754941032693
490.0 -15.949653062784748
491.0 -17.790018776039698
492.0 -18.323697531729245
493.0 -17.261452407446114
494.0 -15.976915059180671
495.0 -15.41716570619857
496.0 -15.337468362255038
497.0 -15.432424506904466
498.0 -15.437964468472334
499.0 -15.371203913726598
500.0 -15.64756256274446
501.0 -16.129114136309813
502.0 -16.20876395028841
503.0 -15.885531230504833
504.0 -15.440214520357808
505.0 -15.249300404580168
506.0 -15.698557659140288
507.0 -16.206683312775525
508.0 -15.878532490930082
509.0 -15.19485754253966
510.0 -15.352831242507817
511.0 -16.896180139221297
512.0 -19.137178621588156
513.0 -20.324215266628745
514.0 -19.724411932415407
515.0 -18.76041736293857
516.0 -18.566102534978835
517.0 -18.491512576756776
518.0 -17.775871668265733
519.0 -16.802572331004153
520.0 -16.867851987034708
521.0 -18.459278267944555
522.0 -19.55585086492332
523.0 -18.044649892174174
524.0 -15.114122844526397
525.0 -13.73727867135803
526.0 -15.090381378055977
527.0 -17.55843995688089
528.0 -18.546825436142637
529.0 -17.670827212828435
530.0 -17.074754337939765
531.0 -17.738372386618103
532.0 -18.25147880033794
533.0 -17.701412435720343
534.0 -17.13642454644015
535.0 -18.313453845467905
536.0 -21.24305372336059
537.0 -23.140919699878616
538.0 -21.70699501921159
539.0 -18.539978612882773
540.0 -16.95124004931315
541.0 -18.135271678009982
542.0 -20.497828284078256
543.0 -21.40260288746794
544.0 -20.136609494320723
545.0 -18.605676064785946
546.0 -18.23855597560128
547.0 -18.502380696401026
548.0 -18.53308899058742
549.0 -18.031548203874813
550.0 -17.500531707756927
551.0 -17.79777086100462
552.0 -18.45803632390605
553.0 -18.2990978147939
554.0 -17.427207928326872
555.0 -16.94839145436926
556.0 -17.78451610610389
557.0 -19.801556492579472
558.0 -21.097062804802405
559.0 -20.06825536619967
560.0 -17.878127574838484
561.0 -16.921932161790824
562.0 -18.088102508857638
563.0 -20.192556729471285
564.0 -20.932275639642224
565.0 -19.539597724002693
566.0 -17.857570161710736
567.0 -17.35209394835104
568.0 -17.532091039570677
569.0 -17.596009591404812
570.0 -17.509696510701165
571.0 -17.923161496190406
572.0 -19.31636313940507
573.0 -20.57768076526707
574.0 -20.488817338604814
575.0 -19.877478318542526
576.0 -19.99447291165139
577.0 -20.667206747117373
578.0 -20.995990988090494
579.0 -20.502655773646726
580.0 -20.0226956865122
581.0 -20.662832926902666
582.0 -21.336299962253484
583.0 -20.03559496085481
584.0 -17.44956256311989
585.0 -16.336468527301133
586.0 -18.193286128469794
587.0 -21.605521320749215
588.0 -23.26979050302629
589.0 -21.835932738004836
590.0 -19.537658675539088
591.0 -18.469925628663205
592.0 -18.288838151749808
593.0 -18.058712730428347
594.0 -17.62028935620162
595.0 -17.7819828556727
596.0 -19.235782249421455
597.0 -20.890391023188585
598.0 -21.222458899786904
599.0 -20.57679919334507
600.0 -20.09129873554444
601.0 -20.267470494276182
602.0 -20.955337638129993
603.0 -21.069300642035696
604.0 -19.770626277629468
605.0 -17.994185921233864
606.0 -17.24449502072793
607.0 -18.22906597919809
608.0 -20.53738714484602
609.0 -22.294146076647603
610.0 -22.143955497477922
611.0 -21.306042394655194
612.0 -21.597588151756785
613.0 -23.23285233313395
614.0 -25.09703390023352
615.0 -25.76838342975213
616.0 -25.151011093337843
617.0 -24.621604585674493
618.0 -24.518259756065916
619.0 -23.9077351493703
620.0 -22.695944423020382
621.0 -21.83622463043342
622.0 -22.15042337077676
623.0 -23.335998427390326
624.0 -23.95347382297212
625.0 -23.16274296558464
626.0 -21.883842041624924
627.0 -21.349225870281053
628.0 -21.416714664101782
629.0 -21.317368941487693
630.0 -20.90762161083552
631.0 -20.812080178801313
632.0 -21.6001470596074
633.0 -22.583920028922655
634.0 -22.40275436625145
635.0 -21.19185668276591
636.0 -20.500864068531527
637.0 -21.30004065048342
638.0 -22.84861969876035
639.0 -23.22315041902071
640.0 -21.505632957404416
641.0 -18.988791819177592
642.0 -17.482334620676617
643.0 -16.841982469036207
644.0 -15.578497980993493
645.0 -13.171793336295572
646.0 -10.58723363741219
647.0 -8.87923444909005
648.0 -7.079283872917095
649.0 -3.044051388136886
650.0 2.9799729802126897
651.0 7.463493391570497
652.0 7.607301345731077
653.0 4.907764319948625
654.0 3.4627230605742776
655.0 5.115158501424273
656.0 7.326468123847826
657.0 6.501634984499694
658.0 2.8713808032638766
659.0 -0.42292371832093956
660.0 -1.7593080407359334
661.0 -1.8111390840465018
662.0 -1.1380933333660561
663.0 1.1809514176371279
664.0 5.924126055329554
665.0 11.572829143259153
666.0 15.772712197490083
667.0 18.379508267370195
668.0 20.284720833687224
669.0 20.89272423437091
670.0 18.492831098408114
671.0 13.209051557485903
672.0 9.013181623623076
673.0 10.064246478301929
674.0 15.371599396315286
675.0 20.08306612339737
676.0 21.046079912449215
677.0 20.06951197618756
678.0 21.739955751382357
679.0 27.339305165910858
680.0 33.049071805573995
681.0 34.743186539451486
682.0 32.35023076603817
683.0 28.96031037001316
684.0 27.0218646153998
685.0 25.80628548901075
686.0 23.543916482065605
687.0 21.091826428853064
688.0 20.716748231367
689.0 21.942961291928377
690.0 21.523045463519335
691.0 16.970757139474514
692.0 9.54092226275705
693.0 3.1828135105653974
694.0 -0.4521926820395511
695.0 -3.392283362802214
696.0 -7.588262359436955
697.0 -12.506804451137763
698.0 -16.29729364015042
699.0 -18.280166261369803
700.0 -19.705590442730745
701.0 -21.708331206327856
702.0 -23.33495707425032
703.0 -23.404370378977006
704.0 -22.562279380542563
705.0 -22.491076080247467
706.0 -24.285259189767714
707.0 -27.060758276825307
708.0 -28.739285235280416
709.0 -28.706638976526207
710.0 -28.074520675413773
711.0 -27.877537644641908
712.0 -28.281683664782296
713.0 -29.049999435362107
714.0 -29.385693794116932
715.0 -29.127233371524774
716.0 -29.046363437124416
717.0 -29.412176979360805
718.0 -30.292762338260758
719.0 -31.231653769775534
720.0 -31.45053835718358
721.0 -31.360823123578914
722.0 -31.172224304479393
723.0 -31.386647347461793
724.0 -32.151360444124585
725.0 -31.53070024092929
726.0 -31.01824525957847
727.0 -33.039692655817305
728.0 -33.81259585082336
729.0 -32.9219928583137
730.0 -32.37806524797911
731.0 -30.839065953598052
732.0 -30.60803781408542
733.0 -32.653634244367225
734.0 -33.273463563104926
735.0 -36.17910065939155
736.0 -44.8631905966009
737.0 -55.204986441893794
738.0 -63.17488791224974
739.0 -66.37370730214455
740.0 -63.703937276824675
741.0 -58.87340378942618
742.0 -54.140773745405404
743.0 -47.461084215277964
744.0 -34.674038344570974
745.0 -10.238724396270229
746.0 27.25179892271845
747.0 70.56077255250858
748.0 109.5867953398063
749.0 142.88632791878808
750.0 183.88372095742272
751.0 247.61058574775015
752.0 327.7273107538772
753.0 393.9466051394869
754.0 418.7547009620155
755.0 408.2467175842857
756.0 400.3610918286811
757.0 424.1596257330944
758.0 462.8220027083318
759.0 468.07620666003623
760.0 414.0995826161725
761.0 329.73818789250384
762.0 271.0766444995419
763.0 262.86367632800614
764.0 274.98017454145736
765.0 260.591446108021
766.0 207.73009065693427
767.0 144.483994965788
768.0 102.42375732407473
769.0 84.40706553967169
770.0 69.9473831207222
771.0 45.375636374339756
772.0 16.903536373084023
773.0 -3.185289375682374
774.0 -11.928668656870029
775.0 -16.036698883068194
776.0 -19.285390759704296
777.0 -18.852942282733412
778.0 -13.839475563513755
779.0 -6.136036184118006
780.0 -0.16637167259223737
781.0 -0.6160141533741967
782.0 -2.4864014898267657
783.0 -1.774539429283336
784.0 -2.9845781362925417
785.0 -5.999936862319914
786.0 -7.842440808908585
787.0 -8.268011198832413
788.0 -5.00315826593957
789.0 -1.9688554008827108
790.0 -5.283219059074328
791.0 -10.96441860556011
792.0 -12.723279632692948
793.0 -11.044012360944373
794.0 -8.464780228779821
795.0 -7.687840589081129
796.0 -8.378466733556612
797.0 -7.549447606372138
798.0 -5.987183824854631
799.0 -6.876983348170831
800.0 -9.829317649517959
801.0 -11.255920334128607
802.0 -8.887132481907603
803.0 -4.935111320532114
804.0 -3.015739004823299
805.0 -3.260239194739906
806.0 -3.0954445065533758
807.0 -1.637013191396544
808.0 -0.9958962568879266
809.0 -2.307090699391523
810.0 -3.2406290613090643
811.0 -0.7859542310906231
812.0 4.202065488014146
813.0 7.073904345607766
814.0 5.147219425816735
815.0 1.0175179215145989
816.0 -0.9626982495189362
817.0 0.3744850555830255
818.0 2.670713925183333
819.0 3.4380730775763424
820.0 3.131383457035436
821.0 3.772523150774395
822.0 5.52283657184548
823.0 6.71952600993096
824.0 6.596844770223005
825.0 6.1859610475356375
826.0 7.11030118696248
827.0 9.429449449076023
828.0 10.890871876908603
829.0 10.003068153765268
830.0 8.400645862556935
831.0 8.618077930603794
832.0 11.29481476322218
833.0 14.856611103566195
834.0 16.969023122397857
835.0 17.345528136303642
836.0 17.76990182644764
837.0 18.54598543146476
838.0 18.46345558276198
839.0 17.553367262381073
840.0 17.038899091570038
841.0 18.159761200164567
842.0 21.07708086537844
843.0 23.626475119634588
844.0 24.25543794917546
845.0 24.370726902905343
846.0 25.369412598753588
847.0 27.301241044059815
848.0 29.83983991721365
849.0 31.642897194210967
850.0 32.05458084642466
851.0 32.51016724508012
852.0 33.67096045519991
853.0 35.37036393981475
854.0 37.98491792517897
855.0 40.308634867985575
856.0 41.14072028135784
857.0 41.74545453808384
858.0 42.91536523240728
859.0 44.65663976931045
860.0 47.42058607674692
861.0 49.742103393909154
862.0 50.41651496426919
863.0 51.37566296267283
864.0 53.43476476683754
865.0 55.97086797870178
866.0 59.476008951119944
867.0 62.78838155142877
868.0 64.84910012213105
869.0 67.20987433993771
870.0 69.70017944313591
871.0 71.56585429419601
872.0 74.44576823813625
873.0 77.67134050313032
874.0 79.5348513684943
875.0 81.57867728329485
876.0 84.47791375084064
877.0 88.2038481743264
878.0 93.82261792190047
879.0 98.70003497010919
880.0 100.06258284366187
881.0 100.62507154022772
882.0 102.45766240079169
883.0 105.76102277273274
884.0 111.44444700492534
885.0 116.83040934525269
886.0 119.37388902970184
887.0 122.06464479972527
888.0 126.51538190710305
889.0 132.054372176782
890.0 139.06908988599116
891.0 144.6365474815111
892.0 146.62297608102946
893.0 148.8027870057014
894.0 152.61105099766797
895.0 156.23781903147298
896.0 160.1414238127402
897.0 163.80395102772903
898.0 167.3691006349534
899.0 173.5289826244272
900.0 179.577796823876
901.0 180.9938389574272
902.0 180.30519040484054
903.0 181.45142199153193
904.0 185.88559325758013
905.0 193.41431950097655
906.0 198.88515480962855
907.0 198.66068973268324
908.0 197.46828856506022
909.0 199.36029574001034
910.0 203.5314349838845
911.0 208.7501053781063
912.0 212.40548827891354
913.0 213.09918279826795
914.0 213.70025373880407
915.0 214.75088898843
916.0 214.3119175732046
917.0 213.62595522829452
918.0 213.1672688618961
919.0 211.31062531740926
920.0 208.97595392438342
921.0 207.16436149749615
922.0 205.75127523791647
923.0 205.68476480180718
924.0 204.88945983760553
925.0 199.89989686564482
926.0 193.0028540726605
927.0 187.90694385193748
928.0 184.47012658246598
929.0 181.78808080043305
930.0 177.76218952655677
931.0 170.58012302488353
932.0 162.82885884670006
933.0 156.01039701920055
934.0 148.1816741996431
935.0 140.08881902437207
936.0 132.70575022269404
937.0 124.52922491822082
938.0 116.08392894251969
939.0 108.27467849204145
940.0 100.76618749037759
941.0 94.97152682671009
942.0 89.43841959692934
943.0 79.94499783461515
944.0 68.36007088307862
945.0 59.51441949987291
946.0 54.537168562958655
947.0 52.31905153882834
948.0 48.87072030981081
949.0 40.84421664519725
950.0 32.03003925764655
951.0 26.6351802132546
952.0 23.52691169898147
953.0 21.4651737397627
954.0 19.42274416110657
955.0 16.16889189310422
956.0 13.391294572355529
957.0 11.701513291807512
958.0 9.248283661368925
959.0 6.532002407522359
960.0 4.020922847606367
961.0 0.5324099901191235
962.0 -2.9581142234782813
963.0 -5.1739276968077785
964.0 -6.503633574503922
965.0 -6.681138256069976
966.0 -6.269007671928337
967.0 -6.478941199859287
968.0 -6.398891274448259
969.0 -5.512935295617651
970.0 -5.239196727170242
971.0 -6.088109331921616
972.0 -7.2689801186822045
973.0 -7.730794371692686
974.0 -7.031011227627381
975.0 -6.789017817283201
976.0 -8.86244001364931
977.0 -11.872010479451694
978.0 -12.804690522129581
979.0 -11.013471458170576
980.0 -8.85364778656772
981.0 -8.628211407817956
982.0 -9.845274883507567
983.0 -10.56548387911643
984.0 -10.856631856064904
985.0 -12.673593841147467
986.0 -15.906757824176607
987.0 -17.23903875085572
988.0 -14.274914437905208
989.0 -9.14094196711307
990.0 -6.027798490508217
991.0 -6.2482541618326035
992.0 -7.805317916875545
993.0 -8.749095974798374
994.0 -9.593465965168638
995.0 -11.627347502485147
996.0 -13.862566025306284
997.0 -14.1795177015067
998.0 -12.522194098383778
999.0 -10.81471400710346
1000.0 -10.551831580537224
1001.0 -11.453507410197808
1002.0 -11.90325065678887
1003.0 -11.076995386838904
1004.0 -10.071259476480703
1005.0 -10.275699155600567
1006.0 -11.794915622875903
1007.0 -13.550446455592343
1008.0 -13.927831555489488
1009.0 -12.523787425614657
1010.0 -10.771548973859849
1011.0 -9.859551137973604
1012.0 -9.59200292148503
1013.0 -9.607643201333827
1014.0 -10.127517902460148
1015.0 -11.53823952728873
1016.0 -13.732122641453266
1017.0 -15.362975257461688
1018.0 -15.698006793432848
1019.0 -15.615611718120983
1020.0 -15.791183874922439
1021.0 -15.514984309788908
1022.0 -14.327745354065529
1023.0 -13.228423051084865
1024.0 -13.885453249703573
1025.0 -16.426848964654965
1026.0 -18.359392112082826
1027.0 -17.483228104943763
1028.0 -15.189558465657607
1029.0 -14.459041008117843
1030.0 -15.996889328675303
1031.0 -17.722894891949633
1032.0 -17.424586655533098
1033.0 -15.948808692133513
1034.0 -16.04563318315482
1035.0 -17.525372313354108
1036.0 -17.042822083197354
1037.0 -13.59875098494401
1038.0 -11.11250007206593
1039.0 -14.386259588565407
1040.0 -22.32762262534383
1041.0 -26.969450506593102
1042.0 -22.186298228955845
1043.0 -11.923343020544108
1044.0 -6.117809223996977
1045.0 -9.63571361895712
1046.0 -17.422315494129812
1047.0 -20.48789117839271
1048.0 -16.127871528505718
1049.0 -10.246839269208113
1050.0 -9.106510597685448
1051.0 -12.637031173547088
1052.0 -16.721277771552604
1053.0 -18.45780481044857
1054.0 -18.72811626081709
1055.0 -19.90652888621395
1056.0 -21.762850769482306
1057.0 -22.09644427787541
1058.0 -20.44484516969597
1059.0 -18.60633398685677
1060.0 -18.57505179334364
1061.0 -20.43058535084756
1062.0 -21.602377318679757
1063.0 -19.87599101029859
1064.0 -16.81057016907075
1065.0 -15.7280289902796
1066.0 -17.81858580453147
1067.0 -20.904169692782464
1068.0 -21.550830365882092
1069.0 -19.1519646205718
1070.0 -16.764793016402
1071.0 -16.287263545011815
1072.0 -16.43765122883922
1073.0 -15.947126167412113
1074.0 -15.931910278060494
1075.0 -18.570070866840737
1076.0 -23.680782459883744
1077.0 -27.263842891264655
1078.0 -25.923669221604662
1079.0 -21.34983917385069
1080.0 -18.00948918826871
1081.0 -18.204390796902477
1082.0 -20.457512258954075
1083.0 -21.23483605852055
1084.0 -18.9757846816967
1085.0 -16.22767315423389
1086.0 -16.171174230330028
1087.0 -19.30761560003273
1088.0 -23.47156958767909
1089.0 -25.515062427813355
1090.0 -24.494076952156522
1091.0 -22.78739664050069
1092.0 -22.298874030583566
1093.0 -22.438462865348917
1094.0 -22.19676295006321
1095.0 -21.65860565012491
1096.0 -22.001536815125785
1097.0 -23.87975731690533
1098.0 -25.39904174444702
1099.0 -24.378022162345086
1100.0 -21.640557310424946
1101.0 -19.765004414414133
1102.0 -20.26779383125687
1103.0 -22.58254327484706
1104.0 -24.161329616535376
1105.0 -23.136965093159045
1106.0 -20.97726837756103
1107.0 -20.476388639588585
1108.0 -22.863631323508695
1109.0 -26.743495057148497
1110.0 -28.636847584889107
1111.0 -26.81259098015035
1112.0 -23.79326486134623
1113.0 -22.857129038935458
1114.0 -24.525355160352238
1115.0 -27.109873397979914
1116.0 -28.655746728255245
1117.0 -28.776287341465977
1118.0 -28.638931622613384
1119.0 -28.48295223173763
1120.0 -27.836928725385764
1121.0 -27.179757102863647
1122.0 -26.546729119303972
1123.0 -25.066664212490206
1124.0 -23.02054032730255
1125.0 -21.958490400046422
1126.0 -23.399380885845382
1127.0 -27.051802704627107
1128.0 -29.640809095033326
1129.0 -28.544081959131937
1130.0 -25.53790383113084
1131.0 -24.188522875219174
1132.0 -25.655258054430266
1133.0 -28.213413783787107
1134.0 -29.096810130732006
1135.0 -27.694110555853634
1136.0 -26.223795245719213
1137.0 -26.050841833100225
1138.0 -26.24120160487041
1139.0 -25.889759190051485
1140.0 -25.093435755999902
1141.0 -24.730346436416276
1142.0 -25.570943361553958
1143.0 -26.47072299882999
1144.0 -25.90327785519512
1145.0 -24.942946415126027
1146.0 -25.346600748551136
1147.0 -27.220166837267957
1148.0 -29.391554652766654
1149.0 -30.322736038058782
1150.0 -29.86382077333319
1151.0 -29.34791439253773
1152.0 -28.695488231176675
1153.0 -26.90696301061513
1154.0 -24.87367990686192
1155.0 -24.075695302792134
1156.0 -24.52210889896914
1157.0 -25.3546662495029
1158.0 -25.795892497947627
1159.0 -26.191310572012377
1160.0 -27.172821684265852
1161.0 -27.253668746682575
1162.0 -24.857433778172574
1163.0 -21.88711055528591
1164.0 -21.13030225058268
1165.0 -22.650499559191925
1166.0 -24.783507515197098
1167.0 -26.58269258509214
1168.0 -29.04573819428788
1169.0 -32.89201482236467
1170.0 -35.24357781995598
1171.0 -33.03328801072958
1172.0 -28.28806440399467
1173.0 -25.547958152902382
1174.0 -26.404191561158292
1175.0 -28.517383347815613
1176.0 -29.473572078235993
1177.0 -29.75046173052858
1178.0 -31.053792303689775
1179.0 -32.407641988251505
1180.0 -31.298994214698347
1181.0 -28.22541981597241
1182.0 -26.110547782905886
1183.0 -26.104202353118378
1184.0 -26.715618441268884
1185.0 -26.524275264876227
1186.0 -26.176269480039565
1187.0 -26.926590456746467
1188.0 -27.92563545856191
1189.0 -27.694276406173994
1190.0 -27.387078658415973
1191.0 -28.871924305390763
1192.0 -31.116496810871627
1193.0 -31.5826996212911
1194.0 -30.29315839469641
1195.0 -29.95905060549202
1196.0 -31.228016096306565
1197.0 -29.420314810699406
1198.0 -19.862832686534908
1199.0 -5.932647249742772
1200.0 3.477824932100808
1201.0 3.9184442363305307
1202.0 -0.4470179249199142
1203.0 -2.5581978206269045
1204.0 -0.5550099858632951
1205.0 1.541974393005741
1206.0 0.8643191921784594
1207.0 -0.7367300994017469
1208.0 -0.8508322990901293
1209.0 0.20935964799139828
1210.0 0.7278979804627602
1211.0 0.09414658189764047
1212.0 -0.5238620104498224
1213.0 -0.18144270449600547
1214.0 0.31894227609976517
1215.0 0.18145711473375886
1216.0 -0.1113813319837732
1217.0 -0.13766930170362618
1218.0 -0.01006682575153664
1219.0 0.13139163186381567
1220.0 0.06144052587250431
1221.0 -0.10483520492860914
1222.0 -0.017122136431046417
1223.0 0.07220594362178795
