0
0
226
-26.0 0.04935596146299429
-24.0 -0.029003816289541996
-22.0 0.05184599494487463
-20.0 -0.001719322377830533
-18.0 -0.0989730909165281
-16.0 0.2545973450597613
-14.0 -0.4766119842356669
-12.0 0.6905650810586251
-10.0 -0.8782624230942655
-8.0 0.8781519017748084
-6.0 -0.6969886305668075
-4.0 0.07745948859946872
-2.0 1.5943871388149513
0.0 -38.02985527490159
2.0 -61.890576175373475
4.0 -58.66491209404118
6.0 -53.94312233087903
8.0 2.110735424236327
10.0 24.7978224047585
12.0 11.742909445074416
14.0 43.34904448807591
16.0 53.33801958371948
18.0 76.2117610733165
20.0 97.0023254026551
22.0 50.23798152858352
24.0 -23.05032984993273
26.0 -62.09122342846607
28.0 -57.91240530329335
30.0 -73.13194659495034
32.0 -81.35404411141793
34.0 -85.93926774680943
36.0 -93.5101105382803
38.0 -145.01273080395868
40.0 -81.90255152723898
42.0 610.7092220335969
44.0 1254.6698404200638
46.0 986.7631863559865
48.0 352.9906108870223
50.0 -24.850762274681706
52.0 -28.059503362198694
54.0 -5.096961812948614
56.0 -33.01687664840708
58.0 -19.703390561260747
60.0 -29.27894100616732
62.0 -13.217182917570685
64.0 5.282397243676184
66.0 24.648068257510626
68.0 37.76895039611651
70.0 55.762529942883496
72.0 78.19689943992597
74.0 94.6861085497797
76.0 121.71192732786983
78.0 157.48014442565957
80.0 192.65239019537472
82.0 227.67809276600548
84.0 279.8621799331199
86.0 352.76334148603013
88.0 417.8995351979557
90.0 488.17717136352627
92.0 562.1622470119313
94.0 617.5208705374531
96.0 656.9660790297183
98.0 674.4919603107036
100.0 637.0523868179306
102.0 529.3880925927319
104.0 398.0662287710404
106.0 264.5163576742681
108.0 150.3595311960914
110.0 70.27243788741077
112.0 18.21131511130135
114.0 -8.636391632234112
116.0 -29.137130902427092
118.0 -37.371470076647476
120.0 -36.31944119693559
122.0 -37.71357515478743
124.0 -40.73064316853627
126.0 -41.084490369702216
128.0 -31.804746236911146
130.0 -34.805189411998406
132.0 -42.67439970792521
134.0 -34.31830534960905
136.0 -28.575963598270494
138.0 -34.37060988659279
140.0 -34.0762504375042
142.0 -27.71854112842808
144.0 -31.167148868576486
146.0 -35.304539137715395
148.0 -36.855155764225714
150.0 -44.06119391402428
152.0 -47.15148635779737
154.0 -47.6264204290984
156.0 -46.451748619840956
158.0 -42.5843356970292
160.0 -39.48914426848326
162.0 -42.555168890978294
164.0 -49.61951440751993
166.0 -47.675564179778966
168.0 -45.79140718836857
170.0 -51.25396020796488
172.0 -56.485132405615296
174.0 -51.179860882115925
176.0 -49.87115960544342
178.0 -57.23749079880481
180.0 -59.7660173890821
182.0 -56.5280164498476
184.0 -53.10315000584959
186.0 -57.37621575538656
188.0 -55.83086987032267
190.0 -55.24474062986876
192.0 -60.83610841741254
194.0 -60.45953741349474
196.0 -58.240456532119126
198.0 -57.85674846318983
200.0 -60.44687368957289
202.0 -58.401954590603545
204.0 -68.20586171719947
206.0 -74.00558953646645
208.0 -65.88455385928117
210.0 -66.02478736240695
212.0 -63.18902697502385
214.0 -59.83866262914615
216.0 -10.505285739549983
218.0 17.537401692619667
220.0 1.7730789785726275
222.0 36.84316545684031
224.0 48.91478324246308
226.0 69.482083646208
228.0 91.25471488715365
230.0 47.73796352329298
232.0 -21.7886707790492
234.0 -69.52329431405863
236.0 -78.68232681145663
238.0 -89.05905606631944
240.0 -91.62331051519918
242.0 -96.22175746002296
244.0 -98.45948778677963
246.0 -164.01477798327954
248.0 -105.74363395256931
250.0 637.1250854947401
252.0 1308.1298916496526
254.0 993.474903752006
256.0 348.55545611826614
258.0 -14.119412626728662
260.0 -29.839741325679586
262.0 -3.510968922931466
264.0 -33.477011625659486
266.0 -21.186329300035055
268.0 -18.125005568448373
270.0 1.8877845093469863
272.0 7.4189620754732175
274.0 13.27587609364728
276.0 28.028611684315372
278.0 43.67920889479211
280.0 58.347748895055034
282.0 77.16572862567739
284.0 104.87830329978424
286.0 130.32027504538127
288.0 163.9471780035473
290.0 207.9032771787912
292.0 258.2928841084806
294.0 313.78130691695577
296.0 383.9700721405843
298.0 461.52666001920636
300.0 526.664733062425
302.0 582.6594122441454
304.0 631.0750603982328
306.0 639.2781991987897
308.0 604.457968432487
310.0 526.7817901358617
312.0 398.866228031577
314.0 257.4848464306631
316.0 132.6601092435029
318.0 56.717168671637346
320.0 8.883567142951344
322.0 -19.833289463071697
324.0 -20.04737506293972
326.0 -29.326947800470197
328.0 -37.24861980245582
330.0 -30.38223062987619
332.0 -32.28073466140195
334.0 -36.651731583165045
336.0 -33.02033067332759
338.0 -35.87831313024568
340.0 -44.713152886551846
342.0 -48.677530616699
344.0 -47.57157449178038
346.0 -52.129881655845644
348.0 -45.6809794690498
350.0 -41.95644561022062
352.0 -59.3199965647482
354.0 -60.61680851682864
356.0 -51.09153419504667
358.0 -60.16641555845169
360.0 -62.37008054037906
362.0 -59.164565007743846
364.0 -69.58497903663219
366.0 -68.13115258260446
368.0 -66.1622603775563
370.0 -74.0438810954486
372.0 -82.76132249159073
374.0 -78.32844249163459
376.0 -76.67284451748635
378.0 -82.62147044168015
380.0 -75.7844857011585
382.0 -81.00263165132453
384.0 -85.32871961430281
386.0 -73.04345477484577
388.0 -76.8638271770124
390.0 -86.03201281535004
392.0 -92.28419988785005
394.0 -81.05014787442224
396.0 -83.59142592690718
398.0 -90.97884564495703
400.0 -22.514192919428417
402.0 7.814936997922658
404.0 -4.5825570222495
406.0 2.785327616769913
408.0 -1.4518129914910196
410.0 0.5621620081579407
412.0 0.04795419790332889
414.0 -0.30002301548721116
416.0 0.38940563027572916
418.0 -0.28819718060040744
420.0 0.21889847210892116
422.0 -0.09536514001106722
424.0 0.06970779577236948
