0
0
510
-55.0 6.1336139541749656e-18
-54.0 -1.787198445116784e-05
-53.0 -0.00011408281163142325
-52.0 -0.0009523891528433563
-51.0 -4.560782554996219e-05
-50.0 0.0050056056626578095
-49.0 0.0070511173039777865
-48.0 0.002440984672261136
-47.0 0.0010850867711693817
-46.0 -0.0009721153681862858
-45.0 -0.018180997295012095
-44.0 -0.028160839099826515
-43.0 -0.002236693597937538
-42.0 0.024207354806767764
-41.0 0.01791764322665588
-40.0 0.022783990283827195
-39.0 0.042502559897080766
-38.0 -0.004829111029754161
-37.0 -0.08778870094825934
-36.0 -0.06937570142872838
-35.0 0.007971070367334654
-34.0 0.005652076590098418
-33.0 0.01733648558820903
-32.0 0.139508344028416
-31.0 0.141218695269298
-30.0 -0.07942728184319381
-29.0 -0.18091246344053874
-28.0 -0.0604302686314938
-27.0 -0.065567416542681
-26.0 -0.12842818516431542
-25.0 0.15184413774678024
-24.0 0.4331317362027921
-23.0 0.1437060684777335
-22.0 -0.23664057145669767
-21.0 -0.13475266514027476
-20.0 -0.13752214801356413
-19.0 -0.4854349708868437
-18.0 -0.1795333661425516
-17.0 0.7193904808085859
-16.0 0.7061077892081083
-15.0 -0.07382016639543344
-14.0 -0.10978099126598659
-13.0 -0.028488049071816637
-12.0 -1.0294540904157925
-11.0 -1.2379089431776769
-10.0 0.7030542909412552
-9.0 1.8078555317801952
-8.0 0.5284562201709148
-7.0 0.13234492790792585
-6.0 0.5624346889175087
-5.0 -2.600510845028958
-4.0 -5.617533735151076
-3.0 0.8703899346593343
-2.0 10.838674993320407
-1.0 6.496502562880609
0.0 -9.585651070562173
1.0 -13.165055307579374
2.0 1.6111793465542334
3.0 11.691311171387085
4.0 4.702007351816053
5.0 -4.19065525009281
6.0 -4.056427957735848
7.0 -2.062234583109307
8.0 0.022411672897185077
9.0 6.736789796639221
10.0 6.896284506388609
11.0 -9.503817971719908
12.0 -19.96124048423998
13.0 -0.22590110413835288
14.0 26.50961564844703
15.0 20.86041504447788
16.0 -8.544201648856282
17.0 -22.779058015674384
18.0 -14.697847055747395
19.0 -4.33914267104942
20.0 4.325532441159304
21.0 16.832079778547183
22.0 22.421574328397284
23.0 10.664844709619704
24.0 -9.161689022742582
25.0 -24.25461622505369
26.0 -28.083914396657022
27.0 -13.269814154867824
28.0 15.283237028541482
29.0 33.10608355467503
30.0 28.71394961254742
31.0 15.388990383078225
32.0 -5.263969648923499
33.0 -41.30399801090069
34.0 -63.63234452382482
35.0 -29.84744341444057
36.0 40.10753354283704
37.0 81.69693240733332
38.0 67.29054712174967
39.0 8.3217755380966
40.0 -75.1558434773269
41.0 -122.56889063730952
42.0 -57.475086597041035
43.0 79.63330202264318
44.0 133.71048709513047
45.0 48.78259928128386
46.0 -50.18610694356235
47.0 -60.49680571260344
48.0 -33.77337789750624
49.0 -31.227460334276476
50.0 -12.171796189094042
51.0 48.06753851765635
52.0 77.97003962023142
53.0 29.617096364302874
54.0 -38.723846258271074
55.0 -57.86903782981877
56.0 -32.437439269758734
57.0 1.2594776300892276
58.0 25.348307709105676
59.0 31.967961481903554
60.0 18.987871748466006
61.0 -1.2039164103360303
62.0 -15.575331290586501
63.0 -21.334212859542905
64.0 -15.329098568926886
65.0 2.398149448717447
66.0 16.148524098748123
67.0 12.673953118125096
68.0 2.0643590804170038
69.0 -1.899031314486312
70.0 -3.2473790101030975
71.0 -7.068409337357438
72.0 -5.870080541118493
73.0 2.0768952458750576
74.0 5.538897398127407
75.0 1.181198486712192
76.0 -1.2932581153507599
77.0 1.3256456959829803
78.0 1.9307536613969127
79.0 -1.1108024261093614
80.0 -2.0424925686328352
81.0 -0.062324160485367416
82.0 0.004331808411522203
83.0 -2.3534206924843932
84.0 -2.2108481252776335
85.0 2.383325399298148
86.0 6.344501369722789
87.0 3.6920536876846524
88.0 -3.7530866161860943
89.0 -7.4442037976445
90.0 -3.333234655809247
91.0 2.883329181342207
92.0 4.6745335050786645
93.0 2.794438419476
94.0 0.7569145355959825
95.0 -1.2884770137083716
96.0 -3.7618070743821357
97.0 -4.10802961103276
98.0 -0.31629198979858786
99.0 4.795168442754251
100.0 5.676679489117242
101.0 0.5022154791270179
102.0 -5.358331324697028
103.0 -4.913407847375625
104.0 0.7837425538587038
105.0 3.711300226293956
106.0 1.2086925250396647
107.0 -0.7060060552458716
108.0 0.9370684062630998
109.0 1.1811319613402955
110.0 -2.083972261156539
111.0 -3.4471353670850386
112.0 -0.3676662284946698
113.0 2.41716001802532
114.0 2.126776118588629
115.0 1.2967527330059478
116.0 0.48420970747579284
117.0 -2.088792984667164
118.0 -3.854394186435206
119.0 -1.096909374121003
120.0 2.870327072571099
121.0 2.5860852503604552
122.0 0.17429515315154617
123.0 0.4199893462194209
124.0 0.9238019970134659
125.0 -2.4109009226625773
126.0 -5.277093438992085
127.0 -1.3942423740676169
128.0 5.385025687950562
129.0 6.0849431862362495
130.0 0.3619912024544248
131.0 -4.236145867188329
132.0 -4.009993613812269
133.0 -1.7182050260524868
134.0 0.4451684825491222
135.0 2.88672533963121
136.0 4.35671590760516
137.0 2.058438060691139
138.0 -2.9980226396738785
139.0 -5.353500472942894
140.0 -2.0543122001880674
141.0 2.7892039418335246
142.0 3.558354250488835
143.0 0.8666950272921424
144.0 -0.7693727334694893
145.0 -0.75158330691304
146.0 -1.4596513657370134
147.0 -1.6128027166039272
148.0 1.1240560920764338
149.0 3.0759718838176817
150.0 -0.05612154755665473
151.0 -3.5728306171268267
152.0 -0.8973333104441932
153.0 3.5862543252214563
154.0 1.838336086455748
155.0 -2.6533260160223597
156.0 -1.6064581365327237
157.0 1.9400390871564022
158.0 0.14788233156818012
159.0 -3.326467093824038
160.0 -0.34445462349002515
161.0 4.87644861118947
162.0 2.9178429260641097
163.0 -3.1905034221360338
164.0 -3.8354768810832263
165.0 0.04231588817775461
166.0 0.981552327107352
167.0 -0.36778814840795826
168.0 1.1594134103554006
169.0 3.3552968809187367
170.0 1.0696575351107032
171.0 -3.2065888102455284
172.0 -3.648686617713639
173.0 -0.6596447054141606
174.0 1.6664282183962573
175.0 2.291950233680944
176.0 1.9689828258892799
177.0 0.41480396859683516
178.0 -1.6972411932782685
179.0 -2.3242266646772856
180.0 -1.1502427228597034
181.0 0.31553798336500716
182.0 1.306799108996174
183.0 1.7824716357848545
184.0 1.3016144183333194
185.0 -0.2565948141999541
186.0 -2.0794625273466605
187.0 -2.706233258768321
188.0 -0.6405239177833326
189.0 3.103217036015197
190.0 3.8629419588291385
191.0 -0.5211764800915296
192.0 -4.404479520073517
193.0 -2.151411137373439
194.0 2.1870299836107865
195.0 1.963967465378339
196.0 -0.29880962161832125
197.0 0.8859783578053947
198.0 2.1010612437079383
199.0 -2.0169175810080433
200.0 -6.091882066121216
201.0 -1.941047925239209
202.0 5.897220429741767
203.0 6.259064573510224
204.0 -0.627363312504668
205.0 -4.404655090774534
206.0 -1.869382601395148
207.0 0.003026047302255928
208.0 -1.5473004595684068
209.0 -0.822969768421591
210.0 3.4812951811216113
211.0 4.426557891139524
212.0 0.12440963449992197
213.0 -2.8620742736773157
214.0 -2.9231217163985064
215.0 -3.7418103894577035
216.0 -0.8193300396009087
217.0 9.507833305440881
218.0 11.162841261512035
219.0 -8.739777092528357
220.0 -24.662845696912022
221.0 -4.952016682273324
222.0 28.092025093769326
223.0 25.398872056162656
224.0 -8.797579704426534
225.0 -25.70525268492422
226.0 -12.834997056898368
227.0 -0.808907530884486
228.0 1.3588078650194282
229.0 11.663960555621044
230.0 24.645295674538726
231.0 16.037144073940908
232.0 -10.429547321548506
233.0 -27.992012798954995
234.0 -25.976446897816366
235.0 -11.377956171861262
236.0 9.659400911240242
237.0 29.716102909670532
238.0 37.12896114371619
239.0 24.40941663156499
240.0 -9.418340272836407
241.0 -52.13394446429547
242.0 -68.34366901043693
243.0 -28.44748184846378
244.0 44.55164727061001
245.0 91.38578815958476
246.0 76.34647417902458
247.0 3.1743680286287295
248.0 -92.69301805052416
249.0 -133.50781733521427
250.0 -51.760813231040245
251.0 93.93251553528238
252.0 145.67019101686247
253.0 51.40331548438961
254.0 -61.26594585346371
255.0 -78.16573336567305
256.0 -39.56495129360581
257.0 -18.483672304168326
258.0 3.1203703690502147
259.0 49.74206456528796
260.0 69.03144831362202
261.0 22.19242548130094
262.0 -39.1979199407482
263.0 -53.84377689498179
264.0 -29.276478985045355
265.0 0.4053964849461975
266.0 23.396308186044042
267.0 32.66328067723531
268.0 19.61824995432196
269.0 -3.2334198897383213
270.0 -15.219656333958941
271.0 -16.43739286017297
272.0 -14.374380974045927
273.0 -4.491142795561947
274.0 11.464014629476546
275.0 16.737185802536935
276.0 7.207906904423511
277.0 -1.5589528339683858
278.0 -3.147777629654179
279.0 -5.954086941768939
280.0 -9.410278857535259
281.0 -4.597721225338701
282.0 4.788276499832591
283.0 7.757454707191741
284.0 4.814995914143238
285.0 1.9889685025559143
286.0 -1.60107517819335
287.0 -5.9205913109133075
288.0 -5.139384400627091
289.0 0.2348056592615633
290.0 2.678639304127275
291.0 1.9842398290622205
292.0 3.0934711280476033
293.0 2.8730764358698804
294.0 -2.7936538647554547
295.0 -6.447551318920567
296.0 -1.4246450608064392
297.0 4.351643608089602
298.0 2.839460388069932
299.0 -0.31119651551575606
300.0 0.25699492792273293
301.0 -0.6730208365234719
302.0 -4.313355030753945
303.0 -2.510633370721156
304.0 4.6701809041345
305.0 6.0505896132892305
306.0 -0.6094250817473409
307.0 -5.055770154174816
308.0 -2.8833062065646926
309.0 0.37830059380552117
310.0 1.7568922526504687
311.0 2.252170935551639
312.0 0.9947731187901034
313.0 -1.0127689289291026
314.0 -0.3179363870284692
315.0 0.44696388977016527
316.0 -2.9977285353983527
317.0 -4.212357067215375
318.0 3.3125738435685532
319.0 8.978638938151645
320.0 1.3240058882370465
321.0 -8.708729332508199
322.0 -5.6947910328039
323.0 3.242882275899497
324.0 4.221347660549769
325.0 1.1919963961409068
326.0 1.6817330718842425
327.0 -0.021732162044544093
328.0 -5.697075138812858
329.0 -4.344562250990387
330.0 4.561525923347492
331.0 6.400361790553796
332.0 -1.0255281221078918
333.0 -4.151301935646874
334.0 -0.5451675979526144
335.0 0.16908930002117756
336.0 -1.142085477815469
337.0 2.1233568063302433
338.0 4.109387411684411
339.0 -1.433394394276114
340.0 -5.329234114255426
341.0 -0.6659614481690996
342.0 3.1630086877468386
343.0 0.6847749896503293
344.0 0.4630483160105658
345.0 3.3845720260722905
346.0 -0.8682111829599828
347.0 -8.443694501808052
348.0 -3.845041537810675
349.0 8.60342825327175
350.0 8.85056854735442
351.0 -2.92817196203953
352.0 -7.675401298982055
353.0 -2.0317256443049434
354.0 0.9445497103693303
355.0 0.06759816653445536
356.0 3.650754196782318
357.0 6.510595764211761
358.0 -0.9946748150497454
359.0 -9.818720375709118
360.0 -5.284327268277845
361.0 6.2329352153241215
362.0 7.858438465333496
363.0 -0.1868508026904454
364.0 -4.686261468314902
365.0 -2.2088710680839485
366.0 0.24653574118546062
367.0 0.21223772725896098
368.0 0.8590761525693059
369.0 2.102742408044682
370.0 1.0683280897277385
371.0 -1.6798274641595576
372.0 -2.8391531965394017
373.0 -1.0739145412549933
374.0 2.1236180974318266
375.0 3.905317528269871
376.0 1.5507011295531785
377.0 -3.9778367765954328
378.0 -6.230746974299672
379.0 -0.5751301477823965
380.0 7.014962697426511
381.0 6.417103482370786
382.0 -1.3606653926644883
383.0 -5.874349764975125
384.0 -4.086509270734588
385.0 -1.8764966402933771
386.0 0.30092594743168405
387.0 5.8823802631343165
388.0 8.51625893703351
389.0 0.6723159954002194
390.0 -8.409790304818893
391.0 -6.416475642286717
392.0 -0.6663291169502383
393.0 -1.5670884243513912
394.0 0.8047064923657414
395.0 13.299221047839087
396.0 14.900112139195858
397.0 -8.11153110124371
398.0 -26.960497883732785
399.0 -11.541261350961104
400.0 17.67907963914224
401.0 21.277659821968577
402.0 1.2578078864014621
403.0 -11.180487474530096
404.0 -7.222099891792937
405.0 -1.768093826149127
406.0 -0.41762329007126997
407.0 2.4246762732208764
408.0 5.17578263354439
409.0 2.7479980108228563
410.0 -1.5058981726858913
411.0 -2.401081133477629
412.0 -1.591169552705183
413.0 -1.4526744932391409
414.0 -0.36342242463049046
415.0 1.7398766967778114
416.0 2.054859610561032
417.0 0.4963887677075268
418.0 -0.4766707098229687
419.0 -0.5851702488983872
420.0 -0.9174944912345866
421.0 -0.880351497094309
422.0 0.12471623427300293
423.0 0.8817142830462242
424.0 0.6046239372152513
425.0 0.15194686248236117
426.0 0.014215666919109582
427.0 -0.25283396616310405
428.0 -0.5267913160456039
429.0 -0.2884033699942783
430.0 0.16313661076696306
431.0 0.2615932716135617
432.0 0.1511078591038656
433.0 0.12438221291986512
434.0 0.040696204799221536
435.0 -0.14682361325975735
436.0 -0.1832247717663798
437.0 -0.041970561692323785
438.0 0.04620978035353428
439.0 0.04098807997538877
440.0 0.05231136921299889
441.0 0.055935895061433545
442.0 -0.000596803475024929
443.0 -0.04559002326722803
444.0 -0.02895475150187124
445.0 -0.0038266414780521456
446.0 -0.0006785019364907189
447.0 0.004482674707221927
448.0 0.012235718563828494
449.0 0.007634804097594988
450.0 -0.00036077890606357635
451.0 -0.0014274888005968516
452.0 -0.00017316270319916015
453.0 -2.6146051326706357e-05
454.0 8.973250044070783e-18
