0
0
510
-55.0 -6.13361395417491e-18
-54.0 4.67894627395763e-05
-53.0 -0.000506703314696311
-52.0 -0.0018386673669546893
-51.0 -0.0008752528323898786
-50.0 0.004107522636480654
-49.0 0.0063806370006428284
-48.0 -0.0014732012397294593
-47.0 -0.01141761752914942
-46.0 -0.006537323884643237
-45.0 0.010488520730998997
-44.0 0.015244142963582232
-43.0 -0.0004643717959030592
-42.0 -0.013303383679500742
-41.0 -0.008615053555899307
-40.0 -0.0036529798257987816
-39.0 -0.004126723189573247
-38.0 0.016255425580945133
-37.0 0.046821483313703456
-36.0 0.014587051497777403
-35.0 -0.08563469101796345
-34.0 -0.1071274980447713
-33.0 0.05187560606719426
-32.0 0.21111884685649832
-31.0 0.09358431274065289
-30.0 -0.21963755662236717
-29.0 -0.293499619401571
-28.0 0.04903425716128823
-27.0 0.38446777812105115
-26.0 0.2375736164446109
-25.0 -0.2236095907322009
-24.0 -0.41000043575848355
-23.0 -0.12723911752204006
-22.0 0.24372806508273656
-21.0 0.3534171419454696
-20.0 0.21243650479344936
-19.0 -0.10750826166393003
-18.0 -0.5294533702796158
-17.0 -0.6014501694950727
-16.0 0.17105185904700185
-15.0 1.2081830519801766
-14.0 0.9658151621953387
-13.0 -0.8931651062774179
-12.0 -2.1891414007132584
-11.0 -0.6739589077824519
-10.0 2.3435981236807613
-9.0 2.8201506914230627
-8.0 -0.6384245803886726
-7.0 -3.9994082329908727
-6.0 -2.4812040110158207
-5.0 2.731412119029711
-4.0 5.10582487979991
-3.0 0.9814821804376661
-2.0 -5.019671645368115
-1.0 -5.16209739206253
0.0 -52.55939187586805
1.0 -45.116961406469166
2.0 -55.05191476575069
3.0 -63.353239434040965
4.0 -68.73836904211616
5.0 -63.44188421232567
6.0 -46.910804937362364
7.0 -14.990961759699221
8.0 -8.9714758051392
9.0 15.351713604390364
10.0 21.511381555002103
11.0 28.211251600457263
12.0 10.124102806569281
13.0 23.904533514018347
14.0 39.1721428747505
15.0 59.47647924143788
16.0 39.150765139585566
17.0 70.96627905126977
18.0 76.06671104097704
19.0 101.87499299404473
20.0 82.98063706890113
21.0 81.45407432422017
22.0 56.36858980925514
23.0 9.388360174494224
24.0 -20.49503919505953
25.0 -51.285134581119074
26.0 -56.97911749874068
27.0 -63.89434728837344
28.0 -66.67221460233522
29.0 -62.99595146954393
30.0 -64.42285488887019
31.0 -70.35024807039673
32.0 -85.25436546800219
33.0 -97.13150529659885
34.0 -95.87534841104582
35.0 -79.01875296275952
36.0 -66.53097947158216
37.0 -103.58842485039901
38.0 -191.11940428771896
39.0 -177.61903244871567
40.0 -47.6289470870251
41.0 226.22339290079975
42.0 556.7328910414179
43.0 1042.9697904347286
44.0 1211.5730290210101
45.0 1311.7495350495046
46.0 887.9114852856453
47.0 749.1663186384435
48.0 325.2624360626442
49.0 88.85870553627836
50.0 -29.925831573787182
51.0 -28.234646450130555
52.0 -14.642805410164224
53.0 -24.164253340737663
54.0 -15.937989991845763
55.0 -21.62807955236638
56.0 -16.116806783814226
57.0 -21.82220752592715
58.0 -33.81643739992811
59.0 -31.23376463823227
60.0 -18.585658508007633
61.0 -20.037000242934752
62.0 -16.379904188671244
63.0 -7.565487559389905
64.0 4.988385086258649
65.0 17.899898976537823
66.0 31.168348759501008
67.0 23.90216560043703
68.0 34.63702497363982
69.0 49.95725013660176
70.0 62.5065253194636
71.0 60.61282950301518
72.0 76.62351552353483
73.0 88.49368180410006
74.0 99.82780783555022
75.0 105.54672082286132
76.0 115.19974643154607
77.0 143.4538396197235
78.0 158.27461339505382
79.0 176.25696934700392
80.0 190.64936211719572
81.0 210.58833285948575
82.0 224.34516492152423
83.0 254.92207145241625
84.0 278.30799194726717
85.0 315.9749058034267
86.0 350.67206641999934
87.0 388.1889433421696
88.0 418.8068386885774
89.0 449.208917445345
90.0 487.8682261420115
91.0 529.8624068043324
92.0 559.6694133199662
93.0 591.8773275380032
94.0 617.5156963824495
95.0 641.2844918138134
96.0 655.3582716364297
97.0 668.6778103162044
98.0 677.9398104602511
99.0 662.4782333349318
100.0 636.6123499008057
101.0 590.9679717433993
102.0 530.6168561294834
103.0 461.90033590789426
104.0 399.6995293199973
105.0 330.314422359924
106.0 264.44448398338193
107.0 200.98840115046525
108.0 155.64080322708733
109.0 104.36415506194173
110.0 68.48265884675766
111.0 38.77589127450558
112.0 23.874733543325004
113.0 1.2484630742778255
114.0 -9.651859657510098
115.0 -21.096053668822638
116.0 -28.007057912890193
117.0 -32.448392945970404
118.0 -38.130269634947076
119.0 -40.534518937118555
120.0 -33.68785028189527
121.0 -35.921629376046766
122.0 -37.77280747134175
123.0 -40.33586752389285
124.0 -38.318709610133084
125.0 -45.42499957502678
126.0 -37.050340003053506
127.0 -40.09429833159155
128.0 -29.31836651447267
129.0 -29.941124796228824
130.0 -37.25022192045713
131.0 -39.38543442474358
132.0 -44.49605350225332
133.0 -33.206234533999826
134.0 -40.4353252250692
135.0 -30.022436798925455
136.0 -24.742509584682402
137.0 -32.978085457706065
138.0 -34.208003848224095
139.0 -35.97325767591616
140.0 -33.67290935807657
141.0 -30.91107179622367
142.0 -26.435560928318896
143.0 -29.40411038962588
144.0 -32.69985150914319
145.0 -32.287547397849366
146.0 -31.876065663378704
147.0 -40.74972731197912
148.0 -37.642987302683046
149.0 -37.596408660480165
150.0 -40.05232365177938
151.0 -53.83158731923534
152.0 -43.865761668019424
153.0 -47.67712887594141
154.0 -46.54403577944354
155.0 -48.11102436965498
156.0 -48.959461045193855
157.0 -40.782550225733914
158.0 -44.40029690028848
159.0 -39.49956060198699
160.0 -44.46340318289564
161.0 -33.223742813481735
162.0 -45.50878338951216
163.0 -45.944422354397105
164.0 -52.55960909082046
165.0 -46.98378466695989
166.0 -46.41724551939876
167.0 -48.065321164540265
168.0 -46.54613227721395
169.0 -46.83101171962575
170.0 -48.499815526095105
171.0 -59.36189719688777
172.0 -55.52362232973891
173.0 -51.37550865585776
174.0 -55.305114651234355
175.0 -45.8756981148118
176.0 -53.05247709336367
177.0 -52.01357539169821
178.0 -53.449967087647366
179.0 -65.83296276238597
180.0 -56.045232375808524
181.0 -60.635307384212105
182.0 -54.669535895829
183.0 -53.669892689002324
184.0 -55.2245529648453
185.0 -54.016279704292984
186.0 -59.306307651099395
187.0 -52.594958044318425
188.0 -59.914351564846115
189.0 -54.311613545880014
190.0 -53.779910621461504
191.0 -59.19959628252682
192.0 -59.90957552636266
193.0 -62.18241031450884
194.0 -61.97159207820785
195.0 -53.18204458482016
196.0 -65.28939571474321
197.0 -56.796683490173656
198.0 -53.683919001439364
199.0 -61.1487457482813
200.0 -60.93782124680102
201.0 -60.47388909276856
202.0 -55.54533871301698
203.0 -65.72764667143554
204.0 -65.71766193834242
205.0 -72.60735278833013
206.0 -72.49820218094342
207.0 -71.2893263748396
208.0 -73.6507506530902
209.0 -62.02360040476944
210.0 -56.348924083422766
211.0 -65.01453359040664
212.0 -71.2518694717181
213.0 -73.14966012030263
214.0 -49.96825372249248
215.0 -30.408960229337847
216.0 -15.861586408908432
217.0 8.276216028540427
218.0 7.925588095350488
219.0 19.4022446947762
220.0 5.184096369401154
221.0 8.471147365358568
222.0 39.858626774192814
223.0 52.270964137895135
224.0 34.171631736883896
225.0 60.06506587416316
226.0 75.46375007991932
227.0 97.02968718079315
228.0 78.10359468492882
229.0 65.56092688186797
230.0 61.178900948330615
231.0 14.084450084488523
232.0 -24.43885424501718
233.0 -51.999167025717526
234.0 -66.02143509545606
235.0 -74.19613278096763
236.0 -91.58843272329224
237.0 -85.5086001511547
238.0 -76.32891678172633
239.0 -78.94229679773103
240.0 -99.72788593111102
241.0 -111.81315500033567
242.0 -103.24152733163365
243.0 -82.85317866267171
244.0 -70.78427572269639
245.0 -116.83488491187089
246.0 -211.4461576494648
247.0 -199.06135318578094
248.0 -77.38205498991316
249.0 223.60180975562844
250.0 585.717628400257
251.0 1102.5956406714358
252.0 1246.869459081826
253.0 1343.4289952264864
254.0 917.2584019124989
255.0 728.2000339745666
256.0 317.51527867985754
257.0 102.99064835737501
258.0 -24.549114717215385
259.0 -29.088075432542606
260.0 -3.937515343471175
261.0 -23.08461982278065
262.0 -32.28430623443892
263.0 -6.4701808455849505
264.0 -21.06566638116027
265.0 -25.128001646932066
266.0 -29.26886175129231
267.0 -31.85186584750673
268.0 -7.55003544488615
269.0 -3.261934184529618
270.0 -7.560435260222247
271.0 12.972382341763208
272.0 4.174148769712357
273.0 10.101878458056033
274.0 14.1019810243028
275.0 18.274492712465378
276.0 29.983972410834543
277.0 32.028675637138434
278.0 49.2798878617526
279.0 52.399312766179484
280.0 51.760614078759936
281.0 69.7265434227022
282.0 79.60610975465588
283.0 92.10368691921087
284.0 100.42791432214591
285.0 119.31061746964764
286.0 131.42589292002847
287.0 147.13719037092983
288.0 159.76758646312206
289.0 186.44206320462015
290.0 209.8801182262687
291.0 231.86410699085266
292.0 254.66791911465197
293.0 291.15025639207755
294.0 309.7834590628143
295.0 346.4443267596991
296.0 382.4528855096493
297.0 430.1527449056396
298.0 457.81276292902623
299.0 491.444972065806
300.0 532.5282574045367
301.0 550.4273934347833
302.0 590.1427592255908
303.0 602.30018215989
304.0 632.6451243796776
305.0 642.6580447862827
306.0 638.8136647404983
307.0 625.165984022266
308.0 610.3967898867045
309.0 564.7214378024076
310.0 528.1356524723334
311.0 469.3943921421832
312.0 399.89326064761684
313.0 326.28078615602726
314.0 260.14732903361977
315.0 181.98296884125222
316.0 141.63911580438761
317.0 85.96723244055372
318.0 56.2122869050421
319.0 32.33900087796395
320.0 9.202858205090987
321.0 -13.690032722426123
322.0 -17.623429537336357
323.0 -16.67735889666103
324.0 -21.807854486474522
325.0 -25.401535916767113
326.0 -34.41952433050425
327.0 -25.480932118136685
328.0 -34.43837472578803
329.0 -47.854402940652434
330.0 -23.097933499972328
331.0 -25.069683224352943
332.0 -39.04109101771343
333.0 -34.216775358786165
334.0 -33.39493376402764
335.0 -34.08419300294292
336.0 -40.298041800828415
337.0 -29.02283499568103
338.0 -30.080919665163712
339.0 -45.51880237595491
340.0 -48.30899302689957
341.0 -42.20966382346978
342.0 -49.71996080807303
343.0 -46.00812087750689
344.0 -51.718183682745845
345.0 -50.44845761796984
346.0 -42.215252787531526
347.0 -66.7605737677841
348.0 -30.969097758583153
349.0 -50.389933586661456
350.0 -35.1888110805138
351.0 -53.603291254522354
352.0 -63.48070576639757
353.0 -57.956662581569915
354.0 -59.45411647458549
355.0 -52.57113370292338
356.0 -62.24772315620585
357.0 -49.53735736206916
358.0 -49.963070691211456
359.0 -74.47389931783225
360.0 -60.009682585731866
361.0 -59.734106565566975
362.0 -54.197927627409996
363.0 -71.95963228447442
364.0 -66.12322596617338
365.0 -65.90921304580822
366.0 -74.75305506929521
367.0 -64.03271580369002
368.0 -66.9278008021634
369.0 -64.55898239262767
370.0 -81.29969746262806
371.0 -73.3997217669575
372.0 -84.28072626517888
373.0 -84.81015293130822
374.0 -77.2818746803496
375.0 -69.9325041340472
376.0 -85.18261902463392
377.0 -76.53457197835651
378.0 -82.36458005135502
379.0 -78.5527358769589
380.0 -77.68776058378063
381.0 -78.72897241248376
382.0 -77.16001645988825
383.0 -87.21678233861968
384.0 -83.96620287791889
385.0 -75.71076878964924
386.0 -81.31057941553046
387.0 -78.0844352145863
388.0 -60.27548280928906
389.0 -78.72332531671591
390.0 -105.03457636495384
391.0 -86.47845806807078
392.0 -86.08104619113104
393.0 -88.1509106824869
394.0 -77.47200070131012
395.0 -84.20060224264944
396.0 -89.17304114706432
397.0 -86.09469155214974
398.0 -86.98102948061693
399.0 -74.89704707154681
400.0 -5.463599818526552
401.0 -7.368471536550679
402.0 0.7649199379174254
403.0 7.379133516041656
404.0 3.6874792591782235
405.0 -4.456271214185793
406.0 -5.829111241141305
407.0 0.4525672794383242
408.0 5.108026682429637
409.0 2.5067815967367064
410.0 -2.6038234030865217
411.0 -3.3143064937534485
412.0 0.09875194126306575
413.0 2.332418400201859
414.0 1.1443163522815256
415.0 -0.8149897904079084
416.0 -1.0124821077987205
417.0 -0.11660204465921581
418.0 0.271291737257835
419.0 0.14959287467477259
420.0 0.2238421293540225
421.0 0.2868355607406553
422.0 -0.141805681680726
423.0 -0.5816232695509618
424.0 -0.26995941727029044
425.0 0.4572820475289974
426.0 0.5741145613121665
427.0 -0.06679201266015228
428.0 -0.5437131871933276
429.0 -0.2642799719536366
430.0 0.27327524366761147
431.0 0.347096928955825
432.0 -0.0009552377109405819
433.0 -0.22581579554380365
434.0 -0.11598509444415228
435.0 0.06512197401488226
436.0 0.08782904041653697
437.0 0.01665272845016495
438.0 -0.01614845515231398
439.0 -0.011825590943974992
440.0 -0.018164812513011674
441.0 -0.019562890994346258
442.0 0.007382266561813799
443.0 0.03002013732524634
444.0 0.014504352751539318
445.0 -0.015645610094299517
446.0 -0.020081560064091657
447.0 -0.0009711542873432396
448.0 0.011372161597695916
449.0 0.006372222577751722
450.0 -0.001767317137147888
451.0 -0.0028826894129063674
452.0 -0.0007248894065756548
453.0 6.845125104493357e-05
454.0 -8.973250044070702e-18
