0
0
488
-44.0 3.833508721359352e-18
-43.0 -0.0001802122200555651
-42.0 -0.0004630750999859148
-41.0 0.0005018648838246558
-40.0 0.0036741303414557632
-39.0 0.006608631550323327
-38.0 0.003864774946862652
-37.0 -0.006707431152683459
-36.0 -0.01741031938170544
-35.0 -0.014149128676700186
-34.0 0.008332227704158868
-33.0 0.033783491506826045
-32.0 0.032593224577788744
-31.0 -0.008179922711230653
-30.0 -0.05987509975319836
-29.0 -0.06636499903562955
-28.0 0.0008612833774673728
-27.0 0.09579126013572901
-26.0 0.12035153482641732
-25.0 0.018289389883723545
-24.0 -0.1436709467569112
-23.0 -0.20635172593043993
-22.0 -0.06498863330612864
-21.0 0.19518265977153781
-20.0 0.3299228131082757
-19.0 0.1528518577103661
-18.0 -0.24290920094118376
-17.0 -0.49973198256095525
-16.0 -0.3008779748167993
-15.0 0.27839596970120317
-14.0 0.7365868242867013
-13.0 0.5528722951426516
-12.0 -0.27186271539622725
-11.0 -1.06625372735943
-10.0 -0.9883510811570732
-9.0 0.16342607475121376
-8.0 1.5550973209895482
-7.0 1.8248457240194464
-6.0 0.23443840287222342
-5.0 -2.416474721902869
-4.0 -3.900882714378568
-3.0 -1.7077583962826994
-2.0 5.578748979088282
-1.0 17.59065445908532
0.0 -21.532916096012414
1.0 -4.371879006134884
2.0 1.342226260759035
3.0 8.923915754523424
4.0 7.011758432086757
5.0 -2.6314989174313728
6.0 -11.059105640220643
7.0 0.2687331608273393
8.0 -4.535025198681939
9.0 11.988311667563792
10.0 6.490479965929905
11.0 1.178740696794945
12.0 -20.85501607907141
13.0 -3.2711667693181243
14.0 12.31567852530347
15.0 20.535631136679463
16.0 -19.869584260831612
17.0 -4.27354640271865
18.0 -6.356610673275522
19.0 16.802954491937573
20.0 -3.364284397415901
21.0 1.558161321113921
22.0 -0.4937168016348332
23.0 -9.297873199780623
24.0 1.1358407367971999
25.0 -0.06882427505189052
26.0 9.43689545682551
27.0 5.710672231992017
28.0 -3.539536299761305
29.0 -10.458957085883938
30.0 -12.612220378167848
31.0 2.7962288858648705
32.0 20.62779046912988
33.0 19.539655581399398
34.0 -9.64166955388135
35.0 -34.22882161707849
36.0 -14.659881650049346
37.0 23.73293134387394
38.0 18.90494051658806
39.0 21.671348430675458
40.0 -10.737076908914457
41.0 -31.343838660012533
42.0 -60.59580203886105
43.0 79.64438031156972
44.0 7.372716425372504
45.0 67.13658152808338
46.0 -157.16687448289946
47.0 67.13896886238528
48.0 8.570986587945836
49.0 9.4882501868259
50.0 -16.27840444976693
51.0 0.7267743007306772
52.0 11.967468997659852
53.0 -3.1967903198034895
54.0 -5.016461455138964
55.0 -13.5071455259871
56.0 5.4745783819026625
57.0 15.869915427939643
58.0 2.943418632112657
59.0 -9.554186990230258
60.0 -5.764270881875241
61.0 -2.3027292802255657
62.0 5.561984745572919
63.0 4.311314572537931
64.0 -1.8271344376598073
65.0 -2.300560921431851
66.0 5.829272292134398
67.0 -6.022966190157697
68.0 -3.7120205327219225
69.0 2.373927235042385
70.0 7.03537407426961
71.0 -4.145880112798795
72.0 -0.5272417306725333
73.0 -0.8199822242050624
74.0 1.776161979703871
75.0 -0.4777785116855537
76.0 -3.6860583373674873
77.0 5.333586930674465
78.0 -1.094816368018791
79.0 -1.3226247976583603
80.0 -1.4855368320621414
81.0 3.676444241226965
82.0 -2.104092390020305
83.0 2.5532904864129193
84.0 -4.639298127890346
85.0 0.3699964574428883
86.0 1.3975427260588693
87.0 4.129163141829757
88.0 -0.6561435318599729
89.0 -5.24201488805544
90.0 -1.3119387411003023
91.0 5.1236144842494316
92.0 -0.6541102396061504
93.0 -0.5163695736863565
94.0 -0.7102941537065917
95.0 2.2570605036478897
96.0 -1.9151327731390944
97.0 -2.6622747737051498
98.0 2.86935356718122
99.0 -0.5541667166798562
100.0 2.3405914486010637
101.0 0.4500591914557649
102.0 -2.878085087026983
103.0 -4.296526332262857
104.0 4.716336640402434
105.0 3.3221575515291533
106.0 -0.5669371245235102
107.0 -6.168278175235215
108.0 3.2482011851564625
109.0 0.15472360334868787
110.0 1.34374707441969
111.0 -2.2766316509898425
112.0 2.6303775504691096
113.0 -2.6566331427455614
114.0 1.0547510830846714
115.0 -0.0691022428401906
116.0 -0.1602109728070116
117.0 0.9117256224213911
118.0 -0.4252024920568271
119.0 -1.616708048893085
120.0 3.048639691393865
121.0 -1.4218667109392322
122.0 -1.9521627977275486
123.0 -0.13176719981542476
124.0 5.151218043363618
125.0 -2.952795863775005
126.0 1.1737765161805054
127.0 -5.918993362584631
128.0 3.3126857888974217
129.0 3.6470848862393623
130.0 -1.226364411459105
131.0 -0.5794777534528354
132.0 -4.091811271765312
133.0 6.026696819881553
134.0 -5.13869812485934
135.0 0.9637600256705683
136.0 4.505507299604163
137.0 -2.2035291994829147
138.0 -0.7662156882230107
139.0 -1.3715317602025734
140.0 -0.16517440149660037
141.0 0.46153475611595085
142.0 3.238129870518706
143.0 -0.33758731705880146
144.0 -2.976585812107103
145.0 -0.5324318460146633
146.0 2.8819255059205275
147.0 -3.2315509151777198
148.0 1.4224627993117573
149.0 2.403378588815994
150.0 1.8720587408423268
151.0 -8.611099634659134
152.0 4.277999607469597
153.0 1.1498810927913885
154.0 1.092575616771386
155.0 -1.584699874045542
156.0 -2.724811636317989
157.0 4.612286891966021
158.0 -1.5192042648948545
159.0 0.4239292581139761
160.0 -5.573332542578997
161.0 7.327803796216011
162.0 -1.9078423982343988
163.0 0.5703131710991425
164.0 -3.928813414812338
165.0 2.44658903740329
166.0 1.9308793169632124
167.0 -1.9228586369868206
168.0 -1.2503248402663651
169.0 0.8288783043776929
170.0 3.5367196776573606
171.0 -4.107371827115866
172.0 0.02838164206640986
173.0 2.4750835222999736
174.0 -3.4695966253953423
175.0 4.43283124803609
176.0 -3.110208164736507
177.0 -0.043381650532064
178.0 3.0225586581976636
179.0 -5.1034989102328945
180.0 5.230867575654981
181.0 -2.68807853103736
182.0 -0.28263471191364
183.0 0.14626423464840757
184.0 0.2860207460262533
185.0 2.5069703260350686
186.0 -3.4633698321700526
187.0 2.5425968222903563
188.0 -4.223564275505855
189.0 2.301701322705578
190.0 3.0562218828191896
191.0 -1.9825230685433128
192.0 -0.8487137988645351
193.0 -0.8050113316796503
194.0 -0.3507827225882883
195.0 6.166923789813244
196.0 -7.996767436700074
197.0 0.9685121957605868
198.0 5.776794307795198
199.0 -1.6074569149586466
200.0 -2.8661538462844556
201.0 -2.432277606089859
202.0 5.287744295816564
203.0 -1.4415411679118988
204.0 0.872071983193394
205.0 -3.241772924764745
206.0 1.3176053647121222
207.0 4.495702437527198
208.0 -3.7363720553541335
209.0 -2.5212691040875557
210.0 -0.0366598773124886
211.0 0.9181787093447902
212.0 5.8010259388698815
213.0 -0.919069910947507
214.0 -0.9410996630096016
215.0 -6.98352391415745
216.0 -5.928970865071009
217.0 13.481967106943056
218.0 4.956697463717651
219.0 3.414686770148065
220.0 -18.170370515160908
221.0 -12.370190694530963
222.0 20.2576535067554
223.0 20.371717136071542
224.0 -19.99671438858157
225.0 -11.617341162662514
226.0 -1.8069422452207315
227.0 19.74853641937973
228.0 -0.06412621566466056
229.0 -9.121648270397342
230.0 4.949539506740599
231.0 -7.1804178833494365
232.0 -4.632362265387576
233.0 2.7141323814845073
234.0 11.259268648375844
235.0 11.507706307440463
236.0 -11.286540656577632
237.0 -16.943801147577677
238.0 -8.793226684035135
239.0 10.579908066097008
240.0 21.423802947676247
241.0 15.607992021460337
242.0 -12.212764698641848
243.0 -36.35769487319967
244.0 -13.971422698135711
245.0 24.95302548521585
246.0 23.862771367624244
247.0 28.93288077146898
248.0 -22.499434418395904
249.0 -38.83928290002519
250.0 -60.52849208770924
251.0 96.7279756829349
252.0 0.48924176588189444
253.0 66.66513573850247
254.0 -145.92693671394568
255.0 42.32762269252613
256.0 7.076238428188235
257.0 30.67533870779513
258.0 -12.340422423869077
259.0 -10.85405059497504
260.0 11.616667967573354
261.0 -4.404376857340225
262.0 -15.371459748013207
263.0 7.755346291298388
264.0 1.1659689729344773
265.0 9.708290829063348
266.0 5.064401405019177
267.0 -13.189854272127732
268.0 -2.9016506613813804
269.0 -0.08069729357548175
270.0 -1.648623475287673
271.0 14.216953925316878
272.0 -4.327927349807438
273.0 -3.879660612432572
274.0 -0.6911222214584529
275.0 -0.3869327024755895
276.0 1.8747093015983765
277.0 -5.3799242289032225
278.0 6.387964178036829
279.0 3.99751154895143
280.0 -6.3670443752047206
281.0 -0.33162936698063344
282.0 -0.6766761783442263
283.0 2.425215756416461
284.0 -1.493924783839331
285.0 2.149149470887409
286.0 -0.7677064440605491
287.0 0.8166109122519142
288.0 -3.1726307162974154
289.0 1.9324499583231252
290.0 0.8126156161097047
291.0 -1.4742029311574039
292.0 -2.5338184102385606
293.0 7.824418417477393
294.0 -3.9057995791642415
295.0 -1.6815371778383112
296.0 -2.8820222915155105
297.0 6.65430143579872
298.0 -2.517998173375379
299.0 -2.859457195708791
300.0 6.57506333261709
301.0 -6.139860913552408
302.0 4.670011765061705
303.0 -7.652306246757032
304.0 4.747028017240375
305.0 3.9950195334635783
306.0 -1.8425754625661108
307.0 -5.190682265237184
308.0 4.711911350150491
309.0 -4.168351839745932
310.0 4.6241339972331765
311.0 0.13489417444448412
312.0 -3.4537778962986225
313.0 -1.574445073185106
314.0 7.539447281293755
315.0 -6.057301033184711
316.0 5.043324045726949
317.0 -7.688832525353453
318.0 0.2889793353562756
319.0 6.802759449174153
320.0 3.7646877254082787
321.0 -7.666088277420996
322.0 -3.9993710077956828
323.0 3.4036383089161903
324.0 3.008003362788173
325.0 1.8475637162850989
326.0 -5.583063366260344
327.0 5.702620538625027
328.0 -0.6429356607946408
329.0 -12.976166252477032
330.0 10.70169646463952
331.0 6.8957815463008325
332.0 -7.632499027192653
333.0 -1.3862174121579554
334.0 1.508557371663359
335.0 1.4731389932519454
336.0 -5.919551175921935
337.0 4.55262856376328
338.0 5.648746078337624
339.0 -5.01084653711866
340.0 -3.5801951544771304
341.0 4.020202920954881
342.0 -3.2402916792776386
343.0 2.1838666513717446
344.0 -0.49677812633636614
345.0 2.0924879715484197
346.0 8.035571952681167
347.0 -20.708431573808088
348.0 12.326525631827456
349.0 -6.594535414460919
350.0 11.931925154006326
351.0 -1.8128002801774827
352.0 -7.375279996847699
353.0 0.615028463012108
354.0 -0.7074773538989255
355.0 5.033210107035678
356.0 -5.771204923922776
357.0 6.430832217978204
358.0 6.3952064222171225
359.0 -16.30482943602916
360.0 1.190336648922558
361.0 3.966042136369498
362.0 9.961589092442829
363.0 -8.221635126791293
364.0 -1.0899815388192382
365.0 2.1856492730367094
366.0 -4.9873725510273825
367.0 4.194658463754299
368.0 -0.545571380297488
369.0 3.9911123479160837
370.0 -6.659632481830175
371.0 6.59616786536035
372.0 -3.138140496605975
373.0 -5.305380121084735
374.0 1.3010524818690725
375.0 9.356015261163908
376.0 -5.450800092095863
377.0 2.185190021219481
378.0 -4.839527958986646
379.0 -0.6757651303014013
380.0 1.8257323566246304
381.0 1.9876448692167035
382.0 3.707768956128892
383.0 -5.988255890438247
384.0 -1.5252384251026734
385.0 6.499080394092433
386.0 -3.5776322168225865
387.0 -6.820631976260339
388.0 10.280673149903706
389.0 1.5082121168862659
390.0 -11.568857846717805
391.0 10.656239719915497
392.0 1.3584673307439095
393.0 -11.871298395443434
394.0 0.14453793078929156
395.0 5.655650998622226
396.0 8.35818373423321
397.0 3.997017746071659
398.0 -14.674352370825936
399.0 -21.131911861771393
400.0 29.92086768231923
401.0 5.96436900642911
402.0 -6.988739167157055
403.0 -8.171474648379478
404.0 -2.571218779836143
405.0 3.050356776794229
406.0 4.515548769842994
407.0 2.012796010960405
408.0 -1.3963097872491108
409.0 -2.8237022746742344
410.0 -1.6638221409870864
411.0 0.5315590886726169
412.0 1.7836518509019519
413.0 1.3296576637754494
414.0 -0.06845900541158079
415.0 -1.0830733637563212
416.0 -1.003162477581827
417.0 -0.15258131340281622
418.0 0.6119860887866763
419.0 0.7089809507388976
420.0 0.2277174181051542
421.0 -0.3075007693309145
422.0 -0.4632409089995188
423.0 -0.21808923645276093
424.0 0.12804920518220927
425.0 0.277832048436005
426.0 0.17137936918856184
427.0 -0.033343653296775216
428.0 -0.14861565205034571
429.0 -0.11418016954223051
430.0 -0.005392147830287561
431.0 0.06967619160345911
432.0 0.0660889851916351
433.0 0.015528144257992534
434.0 -0.025836239057765727
435.0 -0.03070204575020406
436.0 -0.011287732240393096
437.0 0.006732935529073132
438.0 0.01087555859896601
439.0 0.0057284638265457264
440.0 0.0006304459920129185
441.0 -0.0007406225190112152
442.0 -0.00026364380341462165
443.0 5.608281277544237e-18
