0
0
452
-26.0 0.04935596146299429
-25.0 0.03582422406400591
-24.0 -0.029003816289541996
-23.0 -0.04522169587219179
-22.0 0.05184599494487463
-21.0 0.12552089787074383
-20.0 -0.001719322377830533
-19.0 -0.20437068738440037
-18.0 -0.0989730909165281
-17.0 0.23678380893992035
-16.0 0.2545973450597613
-15.0 -0.23533860612355273
-14.0 -0.4766119842356669
-13.0 0.08515255459884247
-12.0 0.6905650810586251
-11.0 0.1771214297719444
-10.0 -0.8782624230942655
-9.0 -0.6992290379387166
-8.0 0.8781519017748084
-7.0 1.3373293397400707
-6.0 -0.6969886305668075
-5.0 -2.3764127996005846
-4.0 0.07745948859946872
-3.0 4.35725767367951
-2.0 1.5943871388149513
-1.0 -14.301398002179182
0.0 -38.02985527490159
1.0 -56.46724024162
2.0 -61.890576175373475
3.0 -59.33874379599425
4.0 -58.66491209404118
5.0 -60.50376560860541
6.0 -53.94312233087903
7.0 -30.46261309559389
8.0 2.110735424236327
9.0 24.204481009787177
10.0 24.7978224047585
11.0 13.99614513688223
12.0 11.742909445074416
13.0 25.346614673801884
14.0 43.34904448807591
15.0 52.142743479447546
16.0 53.33801958371948
17.0 59.4589294841157
18.0 76.2117610733165
19.0 93.47478472673185
20.0 97.0023254026551
21.0 80.83624692829531
22.0 50.23798152858352
23.0 13.122941051215857
24.0 -23.05032984993273
25.0 -50.204292641906996
26.0 -62.09122342846607
27.0 -60.98202235819775
28.0 -57.91240530329335
29.0 -62.509609281695575
30.0 -73.13194659495034
31.0 -80.61873606649947
32.0 -81.35404411141793
33.0 -81.46819235740391
34.0 -85.93926774680943
35.0 -90.62701592487599
36.0 -93.5101105382803
37.0 -108.15425631808468
38.0 -145.01273080395868
39.0 -167.17349697322703
40.0 -81.90255152723898
41.0 188.63249043229678
42.0 610.7092220335969
43.0 1025.7945138748378
44.0 1254.6698404200638
45.0 1222.430674214587
46.0 986.7631863559865
47.0 664.4578322193912
48.0 352.9906108870223
49.0 112.0133971795203
50.0 -24.850762274681706
51.0 -56.95606031138927
52.0 -28.059503362198694
53.0 -0.4777391103924218
54.0 -5.096961812948614
55.0 -25.395884870875108
56.0 -33.01687664840708
57.0 -25.28635295642895
58.0 -19.703390561260747
59.0 -24.35401176672446
60.0 -29.27894100616732
61.0 -24.573755027442832
62.0 -13.217182917570685
63.0 -2.9011896356466207
64.0 5.282397243676184
65.0 14.543806349032954
66.0 24.648068257510626
67.0 32.3529130794328
68.0 37.76895039611651
69.0 44.80911888150044
70.0 55.762529942883496
71.0 67.96384612325377
72.0 78.19689943992597
73.0 86.01187906216464
74.0 94.6861085497797
75.0 106.41281709363241
76.0 121.71192732786983
77.0 139.26107785030106
78.0 157.48014442565957
79.0 175.39110587992113
80.0 192.65239019537472
81.0 209.56839077782922
82.0 227.67809276600548
83.0 250.19491467266275
84.0 279.8621799331199
85.0 315.705287814189
86.0 352.76334148603013
87.0 386.6243060610506
88.0 417.8995351979557
89.0 450.97887571587245
90.0 488.17717136352627
91.0 526.7773820979028
92.0 562.1622470119313
93.0 592.1933471962208
94.0 617.5208705374531
95.0 639.1460552831064
96.0 656.9660790297183
97.0 669.7982819272696
98.0 674.4919603107036
99.0 665.3728952429942
100.0 637.0523868179306
101.0 589.5747267263799
102.0 529.3880925927319
103.0 464.29874333192197
104.0 398.0662287710404
105.0 330.96665415186885
106.0 264.5163576742681
107.0 203.0309864409342
108.0 150.3595311960914
109.0 106.71440670477386
110.0 70.27243788741077
111.0 40.476736437768636
112.0 18.21131511130135
113.0 2.8952494106793054
114.0 -8.636391632234112
115.0 -19.376966745455622
116.0 -29.137130902427092
117.0 -35.47455462456005
118.0 -37.371470076647476
119.0 -36.77388345976619
120.0 -36.31944119693559
121.0 -36.82292675274649
122.0 -37.71357515478743
123.0 -38.90202193194818
124.0 -40.73064316853627
125.0 -42.20434412930531
126.0 -41.084490369702216
127.0 -36.64609780412107
128.0 -31.804746236911146
129.0 -30.8134630874695
130.0 -34.805189411998406
131.0 -40.34755291267311
132.0 -42.67439970792521
133.0 -39.94837609983858
134.0 -34.31830534960905
135.0 -29.660652147968122
136.0 -28.575963598270494
137.0 -30.955295352289777
138.0 -34.37060988659279
139.0 -35.85892925739762
140.0 -34.0762504375042
141.0 -30.362864770185702
142.0 -27.71854112842808
143.0 -28.198884308126296
144.0 -31.167148868576486
145.0 -34.1072586102486
146.0 -35.304539137715395
147.0 -35.51051058784178
148.0 -36.855155764225714
149.0 -40.19898471286763
150.0 -44.06119391402428
151.0 -46.4718357697136
152.0 -47.15148635779737
153.0 -47.278763272295
154.0 -47.6264204290984
155.0 -47.57318756211157
156.0 -46.451748619840956
157.0 -44.55897255386771
158.0 -42.5843356970292
159.0 -40.79329662288591
160.0 -39.48914426848326
161.0 -39.80471726379101
162.0 -42.555168890978294
163.0 -46.69371705401189
164.0 -49.61951440751993
165.0 -49.65982414724354
166.0 -47.675564179778966
167.0 -45.867412420540006
168.0 -45.79140718836857
169.0 -47.771297462206086
170.0 -51.25396020796488
171.0 -54.86567155882745
172.0 -56.485132405615296
173.0 -54.81526481165006
174.0 -51.179860882115925
175.0 -48.80347467750462
176.0 -49.87115960544342
177.0 -53.52447497880107
178.0 -57.23749079880481
179.0 -59.33215912929739
180.0 -59.7660173890821
181.0 -58.795165326782424
182.0 -56.5280164498476
183.0 -53.96860703260146
184.0 -53.10315000584959
185.0 -54.85345149507093
186.0 -57.37621575538656
187.0 -57.82219883621048
188.0 -55.83086987032267
189.0 -54.15742439507347
190.0 -55.24474062986876
191.0 -58.380387005027416
192.0 -60.83610841741254
193.0 -61.279614049969496
194.0 -60.45953741349474
195.0 -59.37888409517434
196.0 -58.240456532119126
197.0 -57.41265963535849
198.0 -57.85674846318983
199.0 -59.52187125496858
200.0 -60.44687368957289
201.0 -59.37125839978682
202.0 -58.401954590603545
203.0 -61.312003103852646
204.0 -68.20586171719947
205.0 -74.01506164030667
206.0 -74.00558953646645
207.0 -69.45584457370724
208.0 -65.88455385928117
209.0 -65.72324917789126
210.0 -66.02478736240695
211.0 -64.3875170579358
212.0 -63.18902697502385
213.0 -63.94536975076326
214.0 -59.83866262914615
215.0 -41.1914736221161
216.0 -10.505285739549983
217.0 14.173926678237985
218.0 17.537401692619667
219.0 6.113319108955648
220.0 1.7730789785726275
221.0 15.770308753249658
222.0 36.84316545684031
223.0 48.00420733663484
224.0 48.91478324246308
225.0 53.469221611464285
226.0 69.482083646208
227.0 87.06548637135575
228.0 91.25471488715365
229.0 76.23430330161433
230.0 47.73796352329298
231.0 13.205060228588112
232.0 -21.7886707790492
233.0 -51.28125907285446
234.0 -69.52329431405863
235.0 -76.38329191048784
236.0 -78.68232681145663
237.0 -83.07443139101844
238.0 -89.05905606631944
239.0 -92.02782975780009
240.0 -91.62331051519918
241.0 -92.58771793157571
242.0 -96.22175746002296
243.0 -97.53636535778377
244.0 -98.45948778677963
245.0 -117.2843260078711
246.0 -164.01477798327954
247.0 -194.42686630386015
248.0 -105.74363395256931
249.0 184.81047477165734
250.0 637.1250854947401
251.0 1076.4269320596718
252.0 1308.1298916496526
253.0 1256.0822774150981
254.0 993.474903752006
255.0 656.4408542446158
256.0 348.55545611826614
257.0 118.62923415842113
258.0 -14.119412626728662
259.0 -51.914080581641116
260.0 -29.839741325679586
261.0 -2.7035882054424207
262.0 -3.510968922931466
263.0 -22.611784779251124
264.0 -33.477011625659486
265.0 -28.675055519957024
266.0 -21.186329300035055
267.0 -19.72913905963024
268.0 -18.125005568448373
269.0 -9.462136506019101
270.0 1.8877845093469863
271.0 7.569903773564171
272.0 7.4189620754732175
273.0 8.08147840127843
274.0 13.27587609364728
275.0 20.783424833464256
276.0 28.028611684315372
277.0 35.39502539363951
278.0 43.67920889479211
279.0 51.465296968168964
280.0 58.347748895055034
281.0 65.99384730640061
282.0 77.16572862567739
283.0 91.00700791503591
284.0 104.87830329978424
285.0 117.46252569737052
286.0 130.32027504538127
287.0 145.60953623708676
288.0 163.9471780035473
289.0 184.87710351047096
290.0 207.9032771787912
291.0 232.58595676770128
292.0 258.2928841084806
293.0 284.9218400286319
294.0 313.78130691695577
295.0 346.7285280977028
296.0 383.9700721405843
297.0 423.32628696649766
298.0 461.52666001920636
299.0 496.08720548982694
300.0 526.664733062425
301.0 554.8614677582631
302.0 582.6594122441454
303.0 609.547619102259
304.0 631.0750603982328
305.0 641.6962929323096
306.0 639.2781991987897
307.0 626.0946834516948
308.0 604.457968432487
309.0 572.5744068544383
310.0 526.7817901358617
311.0 467.14193458992963
312.0 398.866228031577
313.0 327.86902597865327
314.0 257.4848464306631
315.0 190.6472768581525
316.0 132.6601092435029
317.0 88.31421607642868
318.0 56.717168671637346
319.0 31.71900717058699
320.0 8.883567142951344
321.0 -9.80875376643882
322.0 -19.833289463071697
323.0 -21.197929135955853
324.0 -20.04737506293972
325.0 -22.59361225974613
326.0 -29.326947800470197
327.0 -35.64504778616428
328.0 -37.24861980245582
329.0 -34.20448064609836
330.0 -30.38223062987619
331.0 -29.58079868349083
332.0 -32.28073466140195
333.0 -35.64001934540146
334.0 -36.651731583165045
335.0 -34.981516806993895
336.0 -33.02033067332759
337.0 -33.13318147441504
338.0 -35.87831313024568
339.0 -40.22410067254537
340.0 -44.713152886551846
341.0 -47.87997433993383
342.0 -48.677530616699
343.0 -47.74733010443743
344.0 -47.57157449178038
345.0 -49.71153010220843
346.0 -52.129881655845644
347.0 -50.99456733086883
348.0 -45.6809794690498
349.0 -40.78945207764376
350.0 -41.95644561022062
351.0 -49.92364377573233
352.0 -59.3199965647482
353.0 -63.584033454642636
354.0 -60.61680851682864
355.0 -54.35156131303738
356.0 -51.09153419504667
357.0 -53.93507851916525
358.0 -60.16641555845169
359.0 -63.92276046341028
360.0 -62.37008054037906
361.0 -58.911309807942786
362.0 -59.164565007743846
363.0 -64.23499342774319
364.0 -69.58497903663219
365.0 -70.7395348851224
366.0 -68.13115258260446
367.0 -65.70328629172532
368.0 -66.1622603775563
369.0 -69.31725651305445
370.0 -74.0438810954486
371.0 -79.24933807109456
372.0 -82.76132249159073
373.0 -82.20783300344493
374.0 -78.32844249163459
375.0 -75.27883159770505
376.0 -76.67284451748635
377.0 -80.80904264372543
378.0 -82.62147044168015
379.0 -79.78937194562181
380.0 -75.7844857011585
381.0 -75.92035156872113
382.0 -81.00263165132453
383.0 -86.01286248653714
384.0 -85.32871961430281
385.0 -79.05186838809891
386.0 -73.04345477484577
387.0 -72.49459614069352
388.0 -76.8638271770124
389.0 -82.00061831760259
390.0 -86.03201281535004
391.0 -89.85647052932065
392.0 -92.28419988785005
393.0 -89.24177416796321
394.0 -81.05014787442224
395.0 -76.60753183061263
396.0 -83.59142592690718
397.0 -94.7652993141913
398.0 -90.97884564495703
399.0 -62.40215457127866
400.0 -22.514192919428417
401.0 4.305255757523253
402.0 7.814936997922658
403.0 -0.5765517540480642
404.0 -4.5825570222495
405.0 -0.8877866048580758
406.0 2.785327616769913
407.0 1.4837940727178096
408.0 -1.4518129914910196
409.0 -1.489495834590285
410.0 0.5621620081579407
411.0 1.265786994807193
412.0 0.04795419790332889
413.0 -0.8557532658030449
414.0 -0.30002301548721116
415.0 0.5163047512269178
416.0 0.38940563027572916
417.0 -0.20372052148852535
418.0 -0.28819718060040744
419.0 0.05829662560083132
420.0 0.21889847210892116
421.0 0.06043214945241385
422.0 -0.09536514001106722
423.0 -0.04590717791410101
424.0 0.06970779577236948
425.0 0.07220594362178795
