0
0
111
-55 -1.135854435958327e-19
-54 3.3096267502173604e-07
-53 1.7939398616722163e-06
-52 1.554773115203936e-05
-51 -1.644895266705594e-05
-50 -9.617791549918895e-05
-49 -3.9382289741617204e-05
-48 9.582169925855846e-05
-47 3.4546478268080295e-05
-46 3.427963610486113e-05
-45 0.0003261789456022401
-44 0.00017099409913912123
-43 -0.0005775043671318974
-42 -0.0005801222981427222
-41 0.00015084283115833117
-40 3.6410151438749815e-18
-39 -0.00021603993685496278
-38 0.0011924938637591705
-37 0.0017112492651053157
-36 -0.000735455070003849
-35 -0.002056626448690752
-34 -0.0003212252901413889
-33 -0.0004901797860502545
-32 -0.00211184123141436
-31 0.0013967053063951211
-30 0.005773783618176329
-29 0.001803520901185278
-28 -0.0035230548706357977
-27 -0.0010575735254950216
-26 -0.0008977524072508932
-25 -0.007461785277993501
-24 -0.0034738251781117682
-23 0.010559838691761863
-22 0.009655207351866505
-21 -0.0023070729587759383
-20 -2.5802281264940132e-17
-19 0.0028588179664504544
-18 -0.014835073235542978
-17 -0.020144242488914874
-16 0.008243841134804773
-15 0.022089116163415603
-14 0.003326979034934748
-13 0.004928471815729694
-12 0.020761221440940888
-11 -0.013532434709389798
-10 -0.055631653356281625
-9 -0.01746387792081919
-8 0.03472135777668086
-7 0.010776928452601696
-6 0.009654276638972085
-5 0.08706479850082177
-4 0.045782744177429134
-3 -0.16753445580841536
-2 -0.2072243875882468
-1 0.08919248236010002
0 0.30000000000000004
1 0.08919248236010002
2 -0.2072243875882468
3 -0.16753445580841536
4 0.045782744177429134
5 0.08706479850082177
6 0.009654276638972085
7 0.010776928452601696
8 0.03472135777668086
9 -0.01746387792081919
10 -0.055631653356281625
11 -0.013532434709389798
12 0.020761221440940888
13 0.004928471815729694
14 0.003326979034934748
15 0.022089116163415603
16 0.008243841134804773
17 -0.020144242488914874
18 -0.014835073235542978
19 0.0028588179664504544
20 -2.5802281264940132e-17
21 -0.0023070729587759383
22 0.009655207351866505
23 0.010559838691761863
24 -0.0034738251781117682
25 -0.007461785277993501
26 -0.0008977524072508932
27 -0.0010575735254950216
28 -0.0035230548706357977
29 0.001803520901185278
30 0.005773783618176329
31 0.0013967053063951211
32 -0.00211184123141436
33 -0.0004901797860502545
34 -0.0003212252901413889
35 -0.002056626448690752
36 -0.000735455070003849
37 0.0017112492651053157
38 0.0011924938637591705
39 -0.00021603993685496278
40 3.6410151438749815e-18
41 0.00015084283115833117
42 -0.0005801222981427222
43 -0.0005775043671318974
44 0.00017099409913912123
45 0.0003261789456022401
46 3.427963610486113e-05
47 3.4546478268080295e-05
48 9.582169925855846e-05
49 -3.9382289741617204e-05
50 -9.617791549918895e-05
51 -1.644895266705594e-05
52 1.554773115203936e-05
53 1.7939398616722163e-06
54 3.3096267502173604e-07
55 -1.135854435958327e-19
