0
0
111
-55 1.1358544359583167e-19
-54 -8.664715322144854e-07
-53 1.0217774710582546e-05
-52 2.5156757451945273e-05
-51 -1.8233804493240705e-05
-50 -9.617791549918895e-05
-49 -4.3655604474015114e-05
-48 0.0001550427662601184
-47 0.00019676698173049333
-46 -8.97452524445077e-05
-45 -0.00032617894560224206
-44 -0.0001056801651436443
-43 0.0002654496215658504
-42 0.00022158700025881904
-41 -5.1976897338039864e-05
-40 3.1647092050138283e-19
-39 7.444228892150638e-05
-38 -0.0004554921245803161
-37 -0.0007865749519488768
-36 0.0004545362304608122
-35 0.002056626448690746
-34 0.00084097872763619
-33 -0.002791925598260751
-32 -0.003417030891271873
-31 0.0015482597589624408
-30 0.005773783618176329
-29 0.0019992183196895818
-28 -0.005700422524919588
-27 -0.006023640064116435
-26 0.0023503463156648997
-25 0.00746178527799351
-24 0.002146942031048229
-23 -0.004853825086112987
-22 -0.0036879610399851454
-21 0.0007949631640352641
-20 -2.2426909475198733e-18
-19 -0.0009850815369168314
-18 0.00566649375038352
-17 0.009259291963400614
-16 -0.0050949740191638775
-15 -0.022089116163415575
-14 -0.008710144193317443
-13 0.028071183296879892
-12 0.03359236193940541
-11 -0.015000819432275736
-10 -0.055631653356281625
-9 -0.019358857803743038
-8 0.05618033701821508
-7 0.06138234026312475
-6 -0.02527522437762303
-5 -0.0870647985008218
-4 -0.028295291999892502
-3 0.0770071369580263
-2 0.07915267276082837
-1 -0.030733634892397978
0 0.8999999999999999
1 -0.030733634892397978
2 0.07915267276082837
3 0.0770071369580263
4 -0.028295291999892502
5 -0.0870647985008218
6 -0.02527522437762303
7 0.06138234026312475
8 0.05618033701821508
9 -0.019358857803743038
10 -0.055631653356281625
11 -0.015000819432275736
12 0.03359236193940541
13 0.028071183296879892
14 -0.008710144193317443
15 -0.022089116163415575
16 -0.0050949740191638775
17 0.009259291963400614
18 0.00566649375038352
19 -0.0009850815369168314
20 -2.2426909475198733e-18
21 0.0007949631640352641
22 -0.0036879610399851454
23 -0.004853825086112987
24 0.002146942031048229
25 0.00746178527799351
26 0.0023503463156648997
27 -0.006023640064116435
28 -0.005700422524919588
29 0.0019992183196895818
30 0.005773783618176329
31 0.0015482597589624408
32 -0.003417030891271873
33 -0.002791925598260751
34 0.00084097872763619
35 0.002056626448690746
36 0.0004545362304608122
37 -0.0007865749519488768
38 -0.0004554921245803161
39 7.444228892150638e-05
40 3.1647092050138283e-19
41 -5.1976897338039864e-05
42 0.00022158700025881904
43 0.0002654496215658504
44 -0.0001056801651436443
45 -0.00032617894560224206
46 -8.97452524445077e-05
47 0.00019676698173049333
48 0.0001550427662601184
49 -4.3655604474015114e-05
50 -9.617791549918895e-05
51 -1.8233804493240705e-05
52 2.5156757451945273e-05
53 1.0217774710582546e-05
54 -8.664715322144854e-07
55 1.1358544359583167e-19
